0
0
0
0
0
0
0
0
0
0
0
0
0
0
0
0
0
0
0
0
0
0
0
0
0
0
0
0
0
0
0
0
0
0
0
0
18
18
18
18
18
207
207
207
207
207
207
824
824
824
824
824
1707
1707
1707
1707
1707
2526
2526
2526
2526
2526
2526
3112
3112
3112
3112
3112
3385
3385
3385
3385
3385
3483
3483
3483
3483
3483
3483
3465
3465
3465
3465
3465
3332
3332
3332
3332
3332
3052
3052
3052
3052
3052
3052
2687
2687
2687
2687
2687
2283
2283
2283
2283
2283
1940
1940
1940
1940
1940
1940
1698
1698
1698
1698
1698
1573
1573
1573
1573
1573
1561
1561
1561
1561
1561
1561
1632
1632
1632
1632
1632
1755
1755
1755
1755
1755
1887
1887
1887
1887
1887
1887
2018
2018
2018
2018
2018
2065
2065
2065
2065
2065
2059
2059
2059
2059
2059
2059
1986
1986
1986
1986
1986
1831
1831
1831
1831
1831
1658
1658
1658
1658
1658
1658
1462
1462
1462
1462
1462
1260
1260
1260
1260
1260
1069
1069
1069
1069
1069
1069
918
918
918
918
918
833
833
833
833
833
787
787
787
787
787
787
788
788
788
788
788
887
887
887
887
887
974
974
974
974
974
974
1118
1118
1118
1118
1118
1210
1210
1210
1210
1210
1324
1324
1324
1324
1324
1324
1410
1410
1410
1410
1410
1495
1495
1495
1495
1495
1533
1533
1533
1533
1533
1533
1558
1558
1558
1558
1558
1594
1594
1594
1594
1594
1632
1632
1632
1632
1632
1632
1652
1652
1652
1652
1652
1695
1695
1695
1695
1695
1676
1676
1676
1676
1676
1676
1646
1646
1646
1646
1646
1618
1618
1618
1618
1618
1543
1543
1543
1543
1543
1543
1439
1439
1439
1439
1439
1293
1293
1293
1293
1293
1146
1146
1146
1146
1146
1146
993
993
993
993
993
848
848
848
848
848
719
719
719
719
719
719
637
637
637
637
637
564
564
564
564
564
549
549
549
549
549
549
534
534
534
534
534
547
547
547
547
547
584
584
584
584
584
584
625
625
625
625
625
694
694
694
694
694
734
734
734
734
734
734
766
766
766
766
766
749
749
749
749
749
769
769
769
769
769
769
745
745
745
745
745
721
721
721
721
721
698
698
698
698
698
698
678
678
678
678
678
679
679
679
679
679
710
710
710
710
710
710
717
717
717
717
717
785
785
785
785
785
864
864
864
864
864
864
912
912
912
912
912
949
949
949
949
949
969
969
969
969
969
969
938
938
938
938
938
869
869
869
869
869
768
768
768
768
768
768
658
658
658
658
658
551
551
551
551
551
459
459
459
459
459
459
395
395
395
395
395
376
376
376
376
376
388
388
388
388
388
388
481
481
481
481
481
573
573
573
573
573
714
714
714
714
714
714
877
877
877
877
877
1047
1047
1047
1047
1047
1200
1200
1200
1200
1200
1200
1296
1296
1296
1296
1296
1344
1344
1344
1344
1344
1332
1332
1332
1332
1332
1332
1288
1288
1288
1288
1288
1222
1222
1222
1222
1222
1154
1154
1154
1154
1154
1154
1129
1129
1129
1129
1129
1114
1114
1114
1114
1114
1146
1146
1146
1146
1146
1146
1186
1186
1186
1186
1186
1274
1274
1274
1274
1274
1350
1350
1350
1350
1350
1350
1413
1413
1413
1413
1413
1448
1448
1448
1448
1448
1425
1425
1425
1425
1425
1425
1357
1357
1357
1357
1357
1270
1270
1270
1270
1270
1152
1152
1152
1152
1152
1152
1050
1050
1050
1050
1050
963
963
963
963
963
916
916
916
916
916
916
911
911
911
911
911
932
932
932
932
932
1004
1004
1004
1004
1004
1004
1113
1113
1113
1113
1113
1200
1200
1200
1200
1200
1262
1262
1262
1262
1262
1262
1296
1296
1296
1296
1296
1275
1275
1275
1275
1275
1231
1231
1231
1231
1231
1231
1133
1133
1133
1133
1133
1004
1004
1004
1004
1004
882
882
882
882
882
882
779
779
779
779
779
717
717
717
717
717
676
676
676
676
676
676
688
688
688
688
688
745
745
745
745
745
829
829
829
829
829
829
945
945
945
945
945
1042
1042
1042
1042
1042
1132
1132
1132
1132
1132
1132
1195
1195
1195
1195
1195
1246
1246
1246
1246
1246
1206
1206
1206
1206
1206
1206
1152
1152
1152
1152
1152
1053
1053
1053
1053
1053
970
970
970
970
970
970
911
911
911
911
911
878
878
878
878
878
852
852
852
852
852
852
847
847
847
847
847
890
890
890
890
890
926
926
926
926
926
926
984
984
984
984
984
1028
1028
1028
1028
1028
1096
1096
1096
1096
1096
1096
1121
1121
1121
1121
1121
1121
1121
1121
1121
1121
1153
1153
1153
1153
1153
1153
1147
1147
1147
1147
1147
1127
1127
1127
1127
1127
1152
1152
1152
1152
1152
1152
1135
1135
1135
1135
1135
1129
1129
1129
1129
1129
1163
1163
1163
1163
1163
1163
1170
1170
1170
1170
1170
1194
1194
1194
1194
1194
1215
1215
1215
1215
1215
1215
1209
1209
1209
1209
1209
1217
1217
1217
1217
1217
1184
1184
1184
1184
1184
1184
1151
1151
1151
1151
1151
1122
1122
1122
1122
1122
1069
1069
1069
1069
1069
1069
1080
1080
1080
1080
1080
1055
1055
1055
1055
1055
1064
1064
1064
1064
1064
1064
1091
1091
1091
1091
1091
1147
1147
1147
1147
1147
1185
1185
1185
1185
1185
1185
1249
1249
1249
1249
1249
1286
1286
1286
1286
1286
1316
1316
1316
1316
1316
1316
1315
1315
1315
1315
1315
1335
1335
1335
1335
1335
1341
1341
1341
1341
1341
1341
1342
1342
1342
1342
1342
1340
1340
1340
1340
1340
1330
1330
1330
1330
1330
1330
1312
1312
1312
1312
1312
1291
1291
1291
1291
1291
1264
1264
1264
1264
1264
1264
1247
1247
1247
1247
1247
1216
1216
1216
1216
1216
1194
1194
1194
1194
1194
1194
1152
1152
1152
1152
1152
1116
1116
1116
1116
1116
1070
1070
1070
1070
1070
1070
1001
1001
1001
1001
1001
962
962
962
962
962
900
900
900
900
900
900
867
867
867
867
867
836
836
836
836
836
861
861
861
861
861
861
908
908
908
908
908
957
957
957
957
957
1042
1042
1042
1042
1042
1042
1130
1130
1130
1130
1130
1204
1204
1204
1204
1204
1290
1290
1290
1290
1290
1290
1333
1333
1333
1333
1333
1353
1353
1353
1353
1353
1334
1334
1334
1334
1334
1334
1296
1296
1296
1296
1296
1230
1230
1230
1230
1230
1168
1168
1168
1168
1168
1168
1100
1100
1100
1100
1100
1026
1026
1026
1026
1026
983
983
983
983
983
983
926
926
926
926
926
912
912
912
912
912
929
929
929
929
929
929
924
924
924
924
924
940
940
940
940
940
927
927
927
927
927
927
911
911
911
911
911
933
933
933
933
933
912
912
912
912
912
912
888
888
888
888
888
877
877
877
877
877
849
849
849
849
849
849
827
827
827
827
827
832
832
832
832
832
836
836
836
836
836
836
866
866
866
866
866
902
902
902
902
902
976
976
976
976
976
976
1014
1014
1014
1014
1014
1072
1072
1072
1072
1072
1108
1108
1108
1108
1108
1108
1166
1166
1166
1166
1166
1166
1166
1166
1166
1166
1155
1155
1155
1155
1155
1155
1153
1153
1153
1153
1153
1118
1118
1118
1118
1118
1090
1090
1090
1090
1090
1090
1029
1029
1029
1029
1029
1005
1005
1005
1005
1005
971
971
971
971
971
971
937
937
937
937
937
919
919
919
919
919
914
914
914
914
914
914
928
928
928
928
928
956
956
956
956
956
960
960
960
960
960
960
996
996
996
996
996
1019
1019
1019
1019
1019
1019
1019
1019
1019
1019
1019
1014
1014
1014
1014
1014
1013
1013
1013
1013
1013
988
988
988
988
988
988
956
956
956
956
956
959
959
959
959
959
959
959
959
959
959
959
955
955
955
955
955
962
962
962
962
962
984
984
984
984
984
984
989
989
989
989
989
1021
1021
1021
1021
1021
1034
1034
1034
1034
1034
1034
1065
1065
1065
1065
1065
1070
1070
1070
1070
1070
1089
1089
1089
1089
1089
1089
1085
1085
1085
1085
1085
1081
1081
1081
1081
1081
1079
1079
1079
1079
1079
1079
1052
1052
1052
1052
1052
1035
1035
1035
1035
1035
1019
1019
1019
1019
1019
1019
1035
1035
1035
1035
1035
1014
1014
1014
1014
1014
1034
1034
1034
1034
1034
1034
1027
1027
1027
1027
1027
1035
1035
1035
1035
1035
1053
1053
1053
1053
1053
1053
1024
1024
1024
1024
1024
1044
1044
1044
1044
1044
1019
1019
1019
1019
1019
1019
1029
1029
1029
1029
1029
1024
1024
1024
1024
1024
1014
1014
1014
1014
1014
1014
1004
1004
1004
1004
1004
1017
1017
1017
1017
1017
1013
1013
1013
1013
1013
1013
1016
1016
1016
1016
1016
1028
1028
1028
1028
1028
1050
1050
1050
1050
1050
1050
1060
1060
1060
1060
1060
1089
1089
1089
1089
1089
1072
1072
1072
1072
1072
1072
1086
1086
1086
1086
1086
1081
1081
1081
1081
1081
1100
1100
1100
1100
1100
1100
1081
1081
1081
1081
1081
1081
1081
1081
1081
1081
1075
1075
1075
1075
1075
1075
1093
1093
1093
1093
1093
1099
1099
1099
1099
1099
1109
1109
1109
1109
1109
1109
1127
1127
1127
1127
1127
1143
1143
1143
1143
1143
1149
1149
1149
1149
1149
1149
1164
1164
1164
1164
1164
1134
1134
1134
1134
1134
1110
1110
1110
1110
1110
1110
1118
1118
1118
1118
1118
1089
1089
1089
1089
1089
1067
1067
1067
1067
1067
1067
1057
1057
1057
1057
1057
1043
1043
1043
1043
1043
1055
1055
1055
1055
1055
1055
1056
1056
1056
1056
1056
1067
1067
1067
1067
1067
1082
1082
1082
1082
1082
1082
1075
1075
1075
1075
1075
1096
1096
1096
1096
1096
1108
1108
1108
1108
1108
1108
1089
1089
1089
1089
1089
1096
1096
1096
1096
1096
1085
1085
1085
1085
1085
1085
1075
1075
1075
1075
1075
1076
1076
1076
1076
1076
1083
1083
1083
1083
1083
1083
1092
1092
1092
1092
1092
1088
1088
1088
1088
1088
1086
1086
1086
1086
1086
1086
1108
1108
1108
1108
1108
1103
1103
1103
1103
1103
1130
1130
1130
1130
1130
1130
1130
1130
1130
1130
1130
1119
1119
1119
1119
1119
1122
1122
1122
1122
1122
1122
1110
1110
1110
1110
1110
1096
1096
1096
1096
1096
1106
1106
1106
1106
1106
1106
1071
1071
1071
1071
1071
1066
1066
1066
1066
1066
1072
1072
1072
1072
1072
1072
1050
1050
1050
1050
1050
1067
1067
1067
1067
1067
1067
1067
1067
1067
1067
1067
1075
1075
1075
1075
1075
1079
1079
1079
1079
1079
1086
1086
1086
1086
1086
1086
1107
1107
1107
1107
1107
1107
1107
1107
1107
1107
1115
1115
1115
1115
1115
1115
1116
1116
1116
1116
1116
1129
1129
1129
1129
1129
1118
1118
1118
1118
1118
1118
1122
1122
1122
1122
1122
1136
1136
1136
1136
1136
1158
1158
1158
1158
1158
1158
1150
1150
1150
1150
1150
1153
1153
1153
1153
1153
1147
1147
1147
1147
1147
1147
1131
1131
1131
1131
1131
1123
1123
1123
1123
1123
1113
1113
1113
1113
1113
1113
1077
1077
1077
1077
1077
1079
1079
1079
1079
1079
1048
1048
1048
1048
1048
1048
1026
1026
1026
1026
1026
1032
1032
1032
1032
1032
1051
1051
1051
1051
1051
1051
1031
1031
1031
1031
1031
1036
1036
1036
1036
1036
1047
1047
1047
1047
1047
1047
1054
1054
1054
1054
1054
1078
1078
1078
1078
1078
1081
1081
1081
1081
1081
1081
1107
1107
1107
1107
1107
1104
1104
1104
1104
1104
1109
1109
1109
1109
1109
1109
1102
1102
1102
1102
1102
1096
1096
1096
1096
1096
1094
1094
1094
1094
1094
1094
1086
1086
1086
1086
1086
1073
1073
1073
1073
1073
1066
1066
1066
1066
1066
1066
1042
1042
1042
1042
1042
1047
1047
1047
1047
1047
1025
1025
1025
1025
1025
1025
1014
1014
1014
1014
1014
1008
1008
1008
1008
1008
1009
1009
1009
1009
1009
1009
995
995
995
995
995
1012
1012
1012
1012
1012
1003
1003
1003
1003
1003
1003
1015
1015
1015
1015
1015
1029
1029
1029
1029
1029
1031
1031
1031
1031
1031
1031
1050
1050
1050
1050
1050
1063
1063
1063
1063
1063
1056
1056
1056
1056
1056
1056
1058
1058
1058
1058
1058
1067
1067
1067
1067
1067
1076
1076
1076
1076
1076
1076
1070
1070
1070
1070
1070
1091
1091
1091
1091
1091
1070
1070
1070
1070
1070
1070
1063
1063
1063
1063
1063
1075
1075
1075
1075
1075
1060
1060
1060
1060
1060
1060
1030
1030
1030
1030
1030
1038
1038
1038
1038
1038
1040
1040
1040
1040
1040
1040
1029
1029
1029
1029
1029
1020
1020
1020
1020
1020
1012
1012
1012
1012
1012
1012
1017
1017
1017
1017
1017
987
987
987
987
987
998
998
998
998
998
998
994
994
994
994
994
998
998
998
998
998
998
998
998
998
998
998
979
979
979
979
979
984
984
984
984
984
985
985
985
985
985
985
1016
1016
1016
1016
1016
1012
1012
1012
1012
1012
1031
1031
1031
1031
1031
1031
1020
1020
1020
1020
1020
1011
1011
1011
1011
1011
1039
1039
1039
1039
1039
1039
1031
1031
1031
1031
1031
1038
1038
1038
1038
1038
1038
1038
1038
1038
1038
1038
1039
1039
1039
1039
1039
1056
1056
1056
1056
1056
1043
1043
1043
1043
1043
1043
1063
1063
1063
1063
1063
1067
1067
1067
1067
1067
1071
1071
1071
1071
1071
1071
1084
1084
1084
1084
1084
1067
1067
1067
1067
1067
1076
1076
1076
1076
1076
1076
1115
1115
1115
1115
1115
1106
1106
1106
1106
1106
1103
1103
1103
1103
1103
1103
1108
1108
1108
1108
1108
1114
1114
1114
1114
1114
1100
1100
1100
1100
1100
1100
1094
1094
1094
1094
1094
1065
1065
1065
1065
1065
1057
1057
1057
1057
1057
1057
1028
1028
1028
1028
1028
1022
1022
1022
1022
1022
1001
1001
1001
1001
1001
1001
1026
1026
1026
1026
1026
1030
1030
1030
1030
1030
1052
1052
1052
1052
1052
1052
1044
1044
1044
1044
1044
1090
1090
1090
1090
1090
1101
1101
1101
1101
1101
1101
1128
1128
1128
1128
1128
1141
1141
1141
1141
1141
1138
1138
1138
1138
1138
1138
1151
1151
1151
1151
1151
1179
1179
1179
1179
1179
1165
1165
1165
1165
1165
1165
1159
1159
1159
1159
1159
1168
1168
1168
1168
1168
1124
1124
1124
1124
1124
1124
1106
1106
1106
1106
1106
1089
1089
1089
1089
1089
1071
1071
1071
1071
1071
1071
1042
1042
1042
1042
1042
1035
1035
1035
1035
1035
1005
1005
1005
1005
1005
1005
974
974
974
974
974
961
961
961
961
961
945
945
945
945
945
945
982
982
982
982
982
973
973
973
973
973
990
990
990
990
990
990
1004
1004
1004
1004
1004
1002
1002
1002
1002
1002
1047
1047
1047
1047
1047
1047
1032
1032
1032
1032
1032
1046
1046
1046
1046
1046
1038
1038
1038
1038
1038
1038
1054
1054
1054
1054
1054
1049
1049
1049
1049
1049
1021
1021
1021
1021
1021
1021
1031
1031
1031
1031
1031
1024
1024
1024
1024
1024
1035
1035
1035
1035
1035
1035
1013
1013
1013
1013
1013
1014
1014
1014
1014
1014
1001
1001
1001
1001
1001
1001
979
979
979
979
979
1002
1002
1002
1002
1002
994
994
994
994
994
994
1002
1002
1002
1002
1002
1016
1016
1016
1016
1016
1012
1012
1012
1012
1012
1012
1004
1004
1004
1004
1004
1014
1014
1014
1014
1014
1018
1018
1018
1018
1018
1018
1020
1020
1020
1020
1020
1005
1005
1005
1005
1005
998
998
998
998
998
998
997
997
997
997
997
1008
1008
1008
1008
1008
993
993
993
993
993
993
995
995
995
995
995
980
980
980
980
980
960
960
960
960
960
960
968
968
968
968
968
987
987
987
987
987
989
989
989
989
989
989
964
964
964
964
964
955
955
955
955
955
970
970
970
970
970
970
966
966
966
966
966
956
956
956
956
956
953
953
953
953
953
953
948
948
948
948
948
941
941
941
941
941
950
950
950
950
950
950
956
956
956
956
956
955
955
955
955
955
939
939
939
939
939
939
938
938
938
938
938
951
951
951
951
951
922
922
922
922
922
922
944
944
944
944
944
941
941
941
941
941
919
919
919
919
919
919
927
927
927
927
927
932
932
932
932
932
914
914
914
914
914
914
918
918
918
918
918
919
919
919
919
919
913
913
913
913
913
913
914
914
914
914
914
922
922
922
922
922
940
940
940
940
940
940
947
947
947
947
947
937
937
937
937
937
951
951
951
951
951
951
940
940
940
940
940
931
931
931
931
931
927
927
927
927
927
927
924
924
924
924
924
928
928
928
928
928
931
931
931
931
931
931
959
959
959
959
959
961
961
961
961
961
971
971
971
971
971
971
969
969
969
969
969
958
958
958
958
958
967
967
967
967
967
967
962
962
962
962
962
950
950
950
950
950
946
946
946
946
946
946
942
942
942
942
942
950
950
950
950
950
939
939
939
939
939
939
944
944
944
944
944
942
942
942
942
942
938
938
938
938
938
938
950
950
950
950
950
962
962
962
962
962
966
966
966
966
966
966
969
969
969
969
969
981
981
981
981
981
981
981
981
981
981
981
980
980
980
980
980
975
975
975
975
975
986
986
986
986
986
986
989
989
989
989
989
984
984
984
984
984
998
998
998
998
998
998
1005
1005
1005
1005
1005
1017
1017
1017
1017
1017
1027
1027
1027
1027
1027
1027
1034
1034
1034
1034
1034
1037
1037
1037
1037
1037
1043
1043
1043
1043
1043
1043
1048
1048
1048
1048
1048
1052
1052
1052
1052
1052
1057
1057
1057
1057
1057
1057
1044
1044
1044
1044
1044
1027
1027
1027
1027
1027
1019
1019
1019
1019
1019
1019
1028
1028
1028
1028
1028
1022
1022
1022
1022
1022
1071
1071
1071
1071
1071
1071
1084
1084
1084
1084
1084
1098
1098
1098
1098
1098
1126
1126
1126
1126
1126
1126
1141
1141
1141
1141
1141
1155
1155
1155
1155
1155
1166
1166
1166
1166
1166
1166
1145
1145
1145
1145
1145
1136
1136
1136
1136
1136
1142
1142
1142
1142
1142
1142
1105
1105
1105
1105
1105
1068
1068
1068
1068
1068
1069
1069
1069
1069
1069
1069
1056
1056
1056
1056
1056
1037
1037
1037
1037
1037
1031
1031
1031
1031
1031
1031
1034
1034
1034
1034
1034
1033
1033
1033
1033
1033
1047
1047
1047
1047
1047
1047
1068
1068
1068
1068
1068
1063
1063
1063
1063
1063
1087
1087
1087
1087
1087
1087
1085
1085
1085
1085
1085
1093
1093
1093
1093
1093
1103
1103
1103
1103
1103
1103
1092
1092
1092
1092
1092
1099
1099
1099
1099
1099
1121
1121
1121
1121
1121
1121
1105
1105
1105
1105
1105
1121
1121
1121
1121
1121
1164
1164
1164
1164
1164
1164
1193
1193
1193
1193
1193
1234
1234
1234
1234
1234
1278
1278
1278
1278
1278
1278
1315
1315
1315
1315
1315
1362
1362
1362
1362
1362
1396
1396
1396
1396
1396
1396
1404
1404
1404
1404
1404
1384
1384
1384
1384
1384
1363
1363
1363
1363
1363
1363
1306
1306
1306
1306
1306
1292
1292
1292
1292
1292
1244
1244
1244
1244
1244
1244
1207
1207
1207
1207
1207
1194
1194
1194
1194
1194
1148
1148
1148
1148
1148
1148
1144
1144
1144
1144
1144
1147
1147
1147
1147
1147
1173
1173
1173
1173
1173
1173
1208
1208
1208
1208
1208
1222
1222
1222
1222
1222
1234
1234
1234
1234
1234
1234
1270
1270
1270
1270
1270
1267
1267
1267
1267
1267
1254
1254
1254
1254
1254
1254
1216
1216
1216
1216
1216
1187
1187
1187
1187
1187
1131
1131
1131
1131
1131
1131
1080
1080
1080
1080
1080
1015
1015
1015
1015
1015
972
972
972
972
972
972
953
953
953
953
953
957
957
957
957
957
963
963
963
963
963
963
990
990
990
990
990
1024
1024
1024
1024
1024
1061
1061
1061
1061
1061
1061
1108
1108
1108
1108
1108
1116
1116
1116
1116
1116
1127
1127
1127
1127
1127
1127
1138
1138
1138
1138
1138
1101
1101
1101
1101
1101
1092
1092
1092
1092
1092
1092
1059
1059
1059
1059
1059
1033
1033
1033
1033
1033
1002
1002
1002
1002
1002
1002
991
991
991
991
991
983
983
983
983
983
964
964
964
964
964
964
965
965
965
965
965
970
970
970
970
970
965
965
965
965
965
965
971
971
971
971
971
979
979
979
979
979
983
983
983
983
983
983
976
976
976
976
976
978
978
978
978
978
986
986
986
986
986
986
1010
1010
1010
1010
1010
994
994
994
994
994
1016
1016
1016
1016
1016
1016
1024
1024
1024
1024
1024
1024
1024
1024
1024
1024
1028
1028
1028
1028
1028
1028
1028
1028
1028
1028
1028
1042
1042
1042
1042
1042
1042
1042
1042
1042
1042
1042
1053
1053
1053
1053
1053
1054
1054
1054
1054
1054
1080
1080
1080
1080
1080
1080
1106
1106
1106
1106
1106
1127
1127
1127
1127
1127
1171
1171
1171
1171
1171
1171
1230
1230
1230
1230
1230
1266
1266
1266
1266
1266
1315
1315
1315
1315
1315
1315
1350
1350
1350
1350
1350
1383
1383
1383
1383
1383
1408
1408
1408
1408
1408
1408
1413
1413
1413
1413
1413
1415
1415
1415
1415
1415
1390
1390
1390
1390
1390
1390
1364
1364
1364
1364
1364
1344
1344
1344
1344
1344
1314
1314
1314
1314
1314
1314
1288
1288
1288
1288
1288
1269
1269
1269
1269
1269
1275
1275
1275
1275
1275
1275
1279
1279
1279
1279
1279
1292
1292
1292
1292
1292
1302
1302
1302
1302
1302
1302
1329
1329
1329
1329
1329
1356
1356
1356
1356
1356
1378
1378
1378
1378
1378
1378
1401
1401
1401
1401
1401
1399
1399
1399
1399
1399
1396
1396
1396
1396
1396
1396
1360
1360
1360
1360
1360
1329
1329
1329
1329
1329
1307
1307
1307
1307
1307
1307
1293
1293
1293
1293
1293
1250
1250
1250
1250
1250
1255
1255
1255
1255
1255
1255
1243
1243
1243
1243
1243
1259
1259
1259
1259
1259
1273
1273
1273
1273
1273
1273
1305
1305
1305
1305
1305
1340
1340
1340
1340
1340
1379
1379
1379
1379
1379
1379
1422
1422
1422
1422
1422
1465
1465
1465
1465
1465
1490
1490
1490
1490
1490
1490
1500
1500
1500
1500
1500
1502
1502
1502
1502
1502
1492
1492
1492
1492
1492
1492
1424
1424
1424
1424
1424
1375
1375
1375
1375
1375
1308
1308
1308
1308
1308
1308
1236
1236
1236
1236
1236
1171
1171
1171
1171
1171
1143
1143
1143
1143
1143
1143
1088
1088
1088
1088
1088
1071
1071
1071
1071
1071
1073
1073
1073
1073
1073
1073
1067
1067
1067
1067
1067
1082
1082
1082
1082
1082
1111
1111
1111
1111
1111
1111
1107
1107
1107
1107
1107
1117
1117
1117
1117
1117
1145
1145
1145
1145
1145
1145
1145
1145
1145
1145
1145
1148
1148
1148
1148
1148
1151
1151
1151
1151
1151
1151
1149
1149
1149
1149
1149
1143
1143
1143
1143
1143
1150
1150
1150
1150
1150
1150
1170
1170
1170
1170
1170
1195
1195
1195
1195
1195
1223
1223
1223
1223
1223
1223
1269
1269
1269
1269
1269
1319
1319
1319
1319
1319
1405
1405
1405
1405
1405
1405
1476
1476
1476
1476
1476
1545
1545
1545
1545
1545
1611
1611
1611
1611
1611
1611
1635
1635
1635
1635
1635
1643
1643
1643
1643
1643
1666
1666
1666
1666
1666
1666
1619
1619
1619
1619
1619
1590
1590
1590
1590
1590
1539
1539
1539
1539
1539
1539
1478
1478
1478
1478
1478
1398
1398
1398
1398
1398
1307
1307
1307
1307
1307
1307
1229
1229
1229
1229
1229
1141
1141
1141
1141
1141
1064
1064
1064
1064
1064
1064
1007
1007
1007
1007
1007
959
959
959
959
959
936
936
936
936
936
936
911
911
911
911
911
905
905
905
905
905
913
913
913
913
913
913
926
926
926
926
926
903
903
903
903
903
909
909
909
909
909
909
892
892
892
892
892
871
871
871
871
871
834
834
834
834
834
834
831
831
831
831
831
844
844
844
844
844
820
820
820
820
820
820
841
841
841
841
841
849
849
849
849
849
894
894
894
894
894
894
935
935
935
935
935
1010
1010
1010
1010
1010
1016
1016
1016
1016
1016
1016
1067
1067
1067
1067
1067
1083
1083
1083
1083
1083
1076
1076
1076
1076
1076
1076
1023
1023
1023
1023
1023
981
981
981
981
981
884
884
884
884
884
884
737
737
737
737
737
607
607
607
607
607
474
474
474
474
474
474
373
373
373
373
373
273
273
273
273
273
214
214
214
214
214
214
187
187
187
187
187
187
187
187
187
187
196
196
196
196
196
196
224
224
224
224
224
273
273
273
273
273
339
339
339
339
339
339
421
421
421
421
421
501
501
501
501
501
595
595
595
595
595
595
719
719
719
719
719
793
793
793
793
793
878
878
878
878
878
878
975
975
975
975
975
1059
1059
1059
1059
1059
1132
1132
1132
1132
1132
1132
1223
1223
1223
1223
1223
1292
1292
1292
1292
1292
1352
1352
1352
1352
1352
1352
1432
1432
1432
1432
1432
1479
1479
1479
1479
1479
1549
1549
1549
1549
1549
1549
1614
1614
1614
1614
1614
1657
1657
1657
1657
1657
1660
1660
1660
1660
1660
1660
1693
1693
1693
1693
1693
1680
1680
1680
1680
1680
1633
1633
1633
1633
1633
1633
1592
1592
1592
1592
1592
1543
1543
1543
1543
1543
1485
1485
1485
1485
1485
1485
1420
1420
1420
1420
1420
1335
1335
1335
1335
1335
1324
1324
1324
1324
1324
1324
1268
1268
1268
1268
1268
1223
1223
1223
1223
1223
1201
1201
1201
1201
1201
1201
1178
1178
1178
1178
1178
1163
1163
1163
1163
1163
1155
1155
1155
1155
1155
1155
1154
1154
1154
1154
1154
1160
1160
1160
1160
1160
1187
1187
1187
1187
1187
1187
1190
1190
1190
1190
1190
1213
1213
1213
1213
1213
1258
1258
1258
1258
1258
1258
1284
1284
1284
1284
1284
1307
1307
1307
1307
1307
1347
1347
1347
1347
1347
1347
1340
1340
1340
1340
1340
1355
1355
1355
1355
1355
1367
1367
1367
1367
1367
1367
1323
1323
1323
1323
1323
1302
1302
1302
1302
1302
1278
1278
1278
1278
1278
1278
1257
1257
1257
1257
1257
1236
1236
1236
1236
1236
1201
1201
1201
1201
1201
1201
1201
1201
1201
1201
1201
1187
1187
1187
1187
1187
1176
1176
1176
1176
1176
1176
1169
1169
1169
1169
1169
1186
1186
1186
1186
1186
1176
1176
1176
1176
1176
1176
1185
1185
1185
1185
1185
1177
1177
1177
1177
1177
1173
1173
1173
1173
1173
1173
1176
1176
1176
1176
1176
1183
1183
1183
1183
1183
1147
1147
1147
1147
1147
1147
1136
1136
1136
1136
1136
1124
1124
1124
1124
1124
1120
1120
1120
1120
1120
1120
1116
1116
1116
1116
1116
1127
1127
1127
1127
1127
1131
1131
1131
1131
1131
1131
1111
1111
1111
1111
1111
1135
1135
1135
1135
1135
1138
1138
1138
1138
1138
1138
1159
1159
1159
1159
1159
1165
1165
1165
1165
1165
1148
1148
1148
1148
1148
1148
1137
1137
1137
1137
1137
1126
1126
1126
1126
1126
1108
1108
1108
1108
1108
1108
1090
1090
1090
1090
1090
1060
1060
1060
1060
1060
1034
1034
1034
1034
1034
1034
1051
1051
1051
1051
1051
1043
1043
1043
1043
1043
1061
1061
1061
1061
1061
1061
1062
1062
1062
1062
1062
1069
1069
1069
1069
1069
1055
1055
1055
1055
1055
1055
1096
1096
1096
1096
1096
1087
1087
1087
1087
1087
1117
1117
1117
1117
1117
1117
1112
1112
1112
1112
1112
1109
1109
1109
1109
1109
1119
1119
1119
1119
1119
1119
1132
1132
1132
1132
1132
1130
1130
1130
1130
1130
1158
1158
1158
1158
1158
1158
1168
1168
1168
1168
1168
1176
1176
1176
1176
1176
1205
1205
1205
1205
1205
1205
1221
1221
1221
1221
1221
1248
1248
1248
1248
1248
1256
1256
1256
1256
1256
1256
1280
1280
1280
1280
1280
1298
1298
1298
1298
1298
1309
1309
1309
1309
1309
1309
1288
1288
1288
1288
1288
1286
1286
1286
1286
1286
1257
1257
1257
1257
1257
1257
1229
1229
1229
1229
1229
1215
1215