411
411
400
400
400
400
400
420
420
420
420
420
394
394
394
394
394
394
405
405
405
405
405
398
398
398
398
398
407
407
407
407
407
407
406
406
406
406
406
398
398
398
398
398
401
401
401
401
401
401
414
414
414
414
414
421
421
421
421
421
397
397
397
397
397
397
404
404
404
404
404
422
422
422
422
422
420
420
420
420
420
420
416
416
416
416
416
410
410
410
410
410
415
415
415
415
415
415
412
412
412
412
412
429
429
429
429
429
425
425
425
425
425
425
412
412
412
412
412
421
421
421
421
421
400
400
400
400
400
400
405
405
405
405
405
402
402
402
402
402
414
414
414
414
414
414
416
416
416
416
416
413
413
413
413
413
404
404
404
404
404
404
413
413
413
413
413
411
411
411
411
411
408
408
408
408
408
408
406
406
406
406
406
408
408
408
408
408
415
415
415
415
415
415
405
405
405
405
405
393
393
393
393
393
415
415
415
415
415
415
416
416
416
416
416
409
409
409
409
409
425
425
425
425
425
425
425
425
425
425
425
407
407
407
407
407
415
415
415
415
415
415
400
400
400
400
400
416
416
416
416
416
405
405
405
405
405
405
403
403
403
403
403
420
420
420
420
420
414
414
414
414
414
414
411
411
411
411
411
391
391
391
391
391
412
412
412
412
412
412
419
419
419
419
419
402
402
402
402
402
414
414
414
414
414
414
413
413
413
413
413
421
421
421
421
421
398
398
398
398
398
398
405
405
405
405
405
404
404
404
404
404
400
400
400
400
400
400
387
387
387
387
387
422
422
422
422
422
390
390
390
390
390
390
399
399
399
399
399
416
416
416
416
416
402
402
402
402
402
402
434
434
434
434
434
418
418
418
418
418
395
395
395
395
395
395
417
417
417
417
417
416
416
416
416
416
411
411
411
411
411
411
419
419
419
419
419
408
408
408
408
408
412
412
412
412
412
412
418
418
418
418
418
409
409
409
409
409
398
398
398
398
398
398
394
394
394
394
394
415
415
415
415
415
396
396
396
396
396
396
404
404
404
404
404
399
399
399
399
399
411
411
411
411
411
411
411
411
411
411
411
423
423
423
423
423
411
411
411
411
411
411
415
415
415
415
415
413
413
413
413
413
413
413
413
413
413
413
426
426
426
426
426
388
388
388
388
388
410
410
410
410
410
410
420
420
420
420
420
402
402
402
402
402
402
402
402
402
402
402
410
410
410
410
410
424
424
424
424
424
385
385
385
385
385
385
419
419
419
419
419
406
406
406
406
406
426
426
426
426
426
426
409
409
409
409
409
415
415
415
415
415
408
408
408
408
408
408
426
426
426
426
426
397
397
397
397
397
422
422
422
422
422
422
419
419
419
419
419
419
419
419
419
419
422
422
422
422
422
422
406
406
406
413
413
413
413
413
408
408
408
408
408
408
419
419
419
419
419
411
411
411
411
411
416
416
416
416
416
416
427
427
427
427
427
410
410
410
410
410
408
408
408
408
408
408
405
405
405
405
405
409
409
409
409
409
410
410
410
410
417
417
417
417
417
399
399
399
399
399
427
427
427
427
427
427
406
406
406
406
406
420
420
420
420
420
417
417
417
417
417
417
419
419
419
419
419
407
407
407
407
407
422
422
422
422
422
422
416
416
416
416
416
419
419
419
419
419
435
435
435
435
435
435
423
423
423
423
423
412
412
412
412
412
395
395
395
395
395
395
417
417
417
417
417
403
403
403
403
403
423
423
423
423
423
423
402
402
402
402
402
421
421
421
421
421
412
412
412
412
412
412
405
405
405
405
405
439
439
439
439
439
421
421
421
421
421
421
414
414
414
414
414
412
412
412
412
412
421
421
421
421
421
421
412
412
412
412
412
417
417
417
417
417
415
415
415
415
415
415
404
404
404
404
404
413
413
413
413
413
416
416
416
416
416
416
417
417
417
417
417
419
419
419
419
419
425
425
425
425
425
425
434
434
434
434
434
408
408
408
408
408
417
417
417
417
417
417
423
423
423
423
423
425
425
425
425
425
434
434
434
434
434
434
423
423
423
423
423
410
410
410
410
410
420
420
420
420
420
420
420
420
420
420
420
419
419
419
419
419
414
414
414
414
414
414
402
402
402
402
402
422
422
422
422
422
425
425
425
425
425
425
418
418
418
418
418
420
420
420
420
420
430
430
430
430
430
430
426
426
426
426
426
427
427
427
427
427
413
413
413
413
413
413
407
407
407
407
407
427
427
427
427
427
407
407
407
407
407
407
423
423
423
423
423
415
415
415
415
415
410
410
410
410
410
410
392
392
392
392
392
403
403
403
403
403
398
398
398
398
398
398
399
399
399
399
399
386
386
386
386
386
416
416
416
416
416
416
408
408
408
408
408
407
407
407
407
407
420
420
420
420
420
420
415
415
415
415
415
411
411
411
411
411
405
405
405
405
405
405
416
416
416
416
416
413
413
413
413
413
402
402
402
402
402
402
404
404
404
404
404
420
420
420
420
420
418
418
418
418
418
418
414
414
414
414
414
435
435
435
435
435
401
401
401
401
401
401
428
428
428
428
428
430
430
430
430
430
432
432
432
432
432
432
452
452
452
452
452
415
415
415
415
415
439
439
439
439
439
439
424
424
424
424
424
445
445
445
445
445
414
414
414
414
414
414
423
423
423
423
423
422
422
422
422
422
443
443
443
443
443
443
430
430
430
430
430
428
428
428
428
428
442
442
442
442
442
442
423
423
423
423
423
433
433
433
433
433
419
419
419
419
419
419
421
421
421
421
421
431
431
431
431
431
440
440
440
440
440
440
415
415
415
415
415
426
426
426
426
426
426
426
426
426
426
426
416
416
416
416
416
427
427
427
427
427
423
423
423
423
423
423
412
412
412
412
412
425
425
425
425
425
414
414
414
414
414
414
434
434
434
434
434
416
416
416
416
416
415
415
415
415
415
415
404
404
404
404
404
434
434
434
434
434
415
415
415
415
415
415
441
441
441
441
441
408
408
408
408
408
422
422
422
422
422
422
438
438
438
438
438
431
431
431
431
431
405
405
405
405
405
405
418
418
418
418
418
433
433
433
433
433
404
404
404
404
404
404
405
405
405
405
405
394
394
394
394
394
398
398
398
398
398
398
371
371
371
371
371
373
373
373
373
373
372
372
372
372
372
372
359
359
359
359
359
363
363
363
363
363
358
358
358
358
358
358
352
352
352
352
352
375
375
375
375
375
368
368
368
368
368
368
361
361
361
361
361
378
378
378
378
378
383
383
383
383
383
383
389
389
389
389
389
389
389
389
389
389
411
411
411
411
411
411
397
397
397
397
397
424
424
424
424
424
400
400
400
400
400
400
424
424
424
424
424
447
447
447
447
447
447
447
447
447
447
447
480
480
480
480
480
483
483
483
483
483
511
511
511
511
511
511
519
519
519
519
519
536
536
536
536
536
529
529
529
529
529
529
509
509
509
509
509
516
516
516
516
516
479
479
479
479
479
479
478
478
478
478
478
441
441
441
441
441
448
448
448
448
448
448
438
438
438
438
438
437
437
437
437
437
433
433
433
433
433
433
443
443
443
443
443
432
432
432
432
432
442
442
442
442
442
442
452
452
452
452
452
450
450
450
450
450
466
466
466
466
466
466
430
430
430
430
430
457
457
457
457
457
415
415
415
415
415
415
411
411
411
411
411
401
401
401
401
401
389
389
389
389
389
389
400
400
400
400
400
382
382
382
382
382
376
376
376
376
376
376
377
377
377
377
377
355
355
355
355
355
380
380
380
380
380
380
373
373
373
373
373
368
368
368
368
368
378
378
378
378
378
378
387
387
387
387
387
367
367
367
367
367
379
379
379
379
379
379
369
369
369
369
369
361
361
361
361
361
367
367
367
367
367
367
354
354
354
354
354
357
357
357
357
357
353
353
353
353
353
353
365
365
365
365
365
363
363
363
363
363
361
361
361
361
361
361
383
383
383
383
383
394
394
394
394
394
400
400
400
400
400
400
416
416
416
416
416
439
439
439
439
439
423
423
423
423
423
423
422
422
422
422
422
422
422
422
422
422
400
400
400
400
400
400
401
401
401
401
401
396
396
396
396
396
386
386
386
386
386
386
368
368
368
368
368
378
378
378
378
378
386
386
386
386
386
386
386
386
386
386
386
400
400
400
400
400
414
414
414
414
414
414
400
400
400
400
400
401
401
401
401
401
393
393
393
393
393
393
395
395
395
395
395
366
366
366
366
366
374
374
374
374
374
374
347
347
347
347
347
329
329
329
329
329
323
323
323
323
323
323
333
333
333
333
333
327
327
327
327
327
327
327
327
327
327
327
329
329
329
329
329
347
347
347
347
347
345
345
345
345
345
345
357
357
357
357
357
392
392
392
392
392
372
372
372
372
372
372
379
379
379
379
379
377
377
377
377
377
354
354
354
354
354
354
355
355
355
355
355
343
343
343
343
343
331
331
331
331
331
331
349
349
349
349
349
350
350
350
350
350
351
351
351
351
351
351
361
361
361
361
361
402
402
402
402
402
467
467
467
467
467
467
517
517
517
517
517
567
567
567
567
567
680
680
680
680
680
680
758
758
758
758
758
787
787
787
787
787
707
707
707
707
707
707
547
547
547
547
547
485
485
485
485
485
421
421
421
421
421
421
381
381
381
381
381
360
360
360
360
360
359
359
359
359
359
359
335
335
335
335
335
330
330
330
330
330
309
309
309
309
309
309
318
318
318
318
318
310
310
310
310
310
303
303
303
303
303
303
305
305
305
305
305
326
326
326
326
326
311
311
311
311
311
311
343
343
343
343
343
364
364
364
364
364
379
379
379
379
379
379
406
406
406
406
406
415
415
415
415
415
458
458
458
458
458
458
550
550
550
550
550
774
774
774
774
774
1029
1029
1029
1029
1029
1029
1361
1361
1361
1361
1361
1659
1659
1659
1659
1659
1840
1840
1840
1840
1840
1840
1915
1915
1915
1915
1915
1861
1861
1861
1861
1861
1762
1762
1762
1762
1762
1762
1521
1521
1521
1521
1521
1195
1195
1195
1195
1195
950
950
950
950
950
950
697
697
697
697
697
546
546
546
546
546
526
526
526
526
526
526
521
521
521
521
521
536
536
536
536
536
557
557
557
557
557
557
606
606
606
606
606
590
590
590
590
590
580
580
580
580
580
580
546
546
546
546
546
483
483
483
483
483
444
444
444
444
444
444
403
403
403
403
403
393
393
393
393
393
378
378
378
378
378
378
369
369
369
369
369
374
374
374
374
374
355
355
355
355
355
355
354
354
354
354
354
360
360
360
360
360
371
371
371
371
371
371
369
369
369
369
369
360
360
360
360
360
380
380
380
380
380
380
368
368
368
368
368
365
365
365
365
365
400
400
400
400
400
400
382
382
382
382
382
386
386
386
386
386
389
389
389
389
389
389
385
385
385
385
385
376
376
376
376
376
388
388
388
388
388
388
372
372
372
372
372
373
373
373
373
373
361
361
361
361
361
361
371
371
371
371
371
370
370
370
370
370
379
379
379
379
379
379
371
371
371
371
371
374
374
374
374
374
405
405
405
405
405
405
411
411
411
411
411
393
393
393
393
393
389
389
389
389
389
389
422
422
422
422
422
405
405
405
405
405
426
426
426
426
426
426
410
410
410
410
410
405
405
405
405
405
400
400
400
400
400
400
419
419
419
419
419
431
431
431
431
431
448
448
448
448
448
448
431
431
431
431
431
451
451
451
451
451
433
433
433
433
433
433
438
438
438
438
438
443
443
443
443
443
468
468
468
468
468
468
455
455
455
455
455
473
473
473
473
473
483
483
483
483
483
483
490
490
490
490
490
519
519
519
519
519
519
519
519
519
519
519
478
478
478
478
478
487
487
487
487
487
469
469
469
469
469
469
436
436
436
436
436
423
423
423
423
423
436
436
436
436
436
436
434
434
434
434
434
417
417
417
417
417
439
439
439
439
439
439
455
455
455
455
455
466
466
466
466
466
476
476
476
476
476
476
496
496
496
496
496
550
550
550
550
550
602
602
602
602
602
602
608
608
608
608
608
636
636
636
636
636
600
600
600
600
600
600
578
578
578
578
578
531
531
531
531
531
503
503
503
503
503
503
467
467
467
467
467
448
448
448
448
448
412
412
412
412
412
412
418
418
418
418
418
429
429
429
429
429
434
434
434
434
434
434
446
446
446
446
446
449
449
449
449
449
464
464
464
464
464
464
466
466
466
466
466
482
482
482
482
482
485
485
485
485
485
485
459
459
459
459
459
463
463
463
463
463
453
453
453
453
453
453
446
446
446
446
446
424
424
424
424
424
440
440
440
440
440
440
420
420
420
420
420
438
438
438
438
438
447
447
447
447
447
447
487
487
487
487
487
510
510
510
510
510
568
568
568
568
568
568
625
625
625
625
625
629
629
629
629
629
640
640
640
640
640
640
619
619
619
619
619
563
563
563
563
563
532
532
532
532
532
532
487
487
487
487
487
461
461
461
461
461
442
442
442
442
442
442
428
428
428
428
428
415
415
415
415
415
408
408
408
408
408
408
409
409
409
409
409
409
409
409
409
409
415
415
415
415
415
415
414
414
414
414
414
407
407
407
407
407
404
404
404
404
404
404
403
403
403
403
403
389
389
389
389
389
386
386
386
386
386
386
364
364
364
364
364
359
359
359
359
359
361
361
361
361
361
361
348
348
348
348
348
351
351
351
351
351
351
351
351
351
351
351
349
349
349
349
349
353
353
353
353
353
362
362
362
362
362
362
363
363
363
363
363
381
381
381
381
381
390
390
390
390
390
390
384
384
384
384
384
400
400
400
400
400
402
402
402
402
402
402
414
414
414
414
414
405
405
405
405
405
418
418
418
418
418
418
397
397
397
397
397
391
391
391
391
391
387
387
387
387
387
387
391
391
391
391
391
378
378
378
378
378
375
375
375
375
375
375
379
379
379
379
379
380
380
380
380
380
370
370
370
370
370
370
378
378
378
378
378
368
368
368
368
368
360
360
360
360
360
360
359
359
359
359
359
364
364
364
364
364
354
354
354
354
354
354
349
349
349
349
349
364
364
364
364
364
368
368
368
368
368
368
371
371
371
371
371
375
375
375
375
375
384
384
384
384
384
384
384
384
384
384
384
398
398
398
398
398
393
393
393
393
393
393
401
401
401
401
401
400
400
400
400
400
405
405
405
405
405
405
409
409
409
409
409
415
415
415
415
415
424
424
424
424
424
424
425
425
425
425
425
451
451
451
451
451
452
452
452
452
452
452
480
480
480
480
480
521
521
521
521
521
561
561
561
561
561
561
567
567
567
567
567
606
606
606
606
606
603
603
603
603
603
603
588
588
588
588
588
570
570
570
570
570
536
536
536
536
536
536
481
481
481
481
481
454
454
454
454
454
436
436
436
436
436
436
421
421
421
421
421
414
414
414
414
414
397
397
397
397
397
397
390
390
390
390
390
409
409
409
409
409
401
401
401
401
401
401
391
391
391
391
391
399
399
399
399
399
397
397
397
397
397
397
394
394
394
394
394
398
398
398
398
398
378
378
378
378
378
378
382
382
382
382
382
383
383
383
383
383
383
383
383
383
383
383
382
382
382
382
382
382
382
382
382
382
395
395
395
395
395
395
377
377
377
377
377
389
389
389
389
389
373
373
373
373
373
373
376
376
376
376
376
370
370
370
370
370
381
381
381
381
381
381
376
376
376
376
376
400
400
400
400
400
397
397
397
397
397
397
403
403
403
403
403
420
420
420
420
420
427
427
427
427
427
427
425
425
425
425
425
420
420
420
420
420
437
437
437
437
437
437
439
439
439
439
439
432
432
432
432
432
428
428
428
428
428
428
435
435
435
435
435
429
429
429
429
429
429
429
429
429
429
429
426
426
426
426
426
418
418
418
418
418
428
428
428
428
428
428
420
420
420
420
420
416
416
416
416
416
419
419
419
419
419
419
425
425
425
425
425
416
416
416
416
416
426
426
426
426
426
426
416
416
416
416
416
418
418
418
418
418
422
422
422
422
422
422
428
428
428
428
428
446
446
446
446
446
419
419
419
419
419
419
433
433
433
433
433
411
411
411
411
411
419
419
419
419
419
419
413
413
413
413
413
416
416
416
416
416
427
427
427
427
427
427
410
410
410
410
410
442
442
442
442
442
433
433
433
433
433
433
448
448
448
448
448
448
448
448
448
448
441
441
441
441
441
441
442
442
442
442
442
446
446
446
446
446
441
441
441
441
441
441
428
428
428
428
428
432
432
432
432
432
411
411
411
411
411
411
421
421
421
421
421
411
411
411
411
411
410
410
410
410
410
410
429
429
429
429
429
415
415
415
415
415
404
404
404
404
404
404
399
399
399
399
399
412
412
412
412
412
405
405
405
405
405
405
401
401
401
401
401
407
407
407
407
407
412
412
412
412
412
412
435
435
435
435
435
405
405
405
405
405
441
441
441
441
441
441
415
415
415
415
415
419
419
419
419
419
415
415
415
415
415
415
416
416
416
416
416
420
420
420
420
420
415
415
415
415
415
415
419
419
419
419
419
439
439
439
439
439
448
448
448
448
448
448
437
437
437
437
437
436
436
436
436
436
430
430
430
430
430
430
418
418
418
418
418
409
409
409
409
409
419
419
419
419
419
419
416
416
416
416
416
391
391
391
391
391
405
405
405
405
405
405
380
380
380
380
380
391
391
391
391
391
379
379
379
379
379
379
396
396
396
396
396
384
384
384
384
384
402
402
402
402
402
402
392
392
392
392
392
389
389
389
389
389
402
402
402
402
402
402
409
409
409
409
409
394
394
394
394
394
412
412
412
412
412
412
401
401
401
401
401
401
401
401
401
401
410
410
410
410
410
410
410
410
410
410
410
414
414
414
414
414
410
410
410
410
410
410
394
394
394
394
394
416
416
416
416
416
390
390
390
390
390
390
404
404
404
404
404
416
416
416
416
416
393
393
393
393
393
393
416
416
416
416
416
416
416
416
416
416
404
404
404
404
404
404
408
408
408
408
408
414
414
414
414
414
402
402
402
402
402
402
399
399
399
399
399
397
397
397
397
397
394
394
394
394
394
394
411
411
411
411
411
383
383
383
383
383
397
397
397
397
397
397
387
387
387
387
387
398
398
398
398
398
406
406
406
406
406
406
402
402
402
402
402
406
406
406
406
406
400
400
400
400
400
400
415
415
415
415
415
415
415
415
415
415
412
412
412
412
412
412
427
427
427
427
427
430
430
430
430
430
421
421
421
421
421
421
429
429
429
429
429
447
447
447
447
447
439
439
439
439
439
439
434
434
434
434
434
431
431
431
431
431
445
445
445
445
445
445
414
414
414
414
414
415
415
415
415
415
421
421
421
421
421
421
414
414
414
414
414
401
401
401
401
401
405
405
405
405
405
405
404
404
404
404
404
420
420
420
420
420
408
408
408
408
408
408
420
420
420
420
420
407
407
407
407
407
425
425
425
425
425
425
414
414
414
414
414
386
386
386
386
386
416
416
416
416
416
416
402
402
402
402
402
400
400
400
400
400
392
392
392
392
392
392
403
403
403
403
403
398
398
398
398
398
402
402
402
402
402
402
400
400
400
400
400
415
415
415
415
415
404
404
404
404
404
404
411
411
411
411
411
407
407
407
407
407
409
409
409
409
409
409
395
395
395
395
395
404
404
404
404
404
422
422
422
422
422
422
416
416
416
416
416
421
421
421
421
421
406
406
406
406
406
406
426
426
426
426
426
418
418
418
418
418
409
409
409
409
409
409
409
409
409
409
409
412
412
412
412
412
408
408
408
408
408
408
413
413
413
413
413
407
407
407
407
407
394
394
394
394
394
394
409
409
409
409
409
397
397
397
397
397
413
413
413
413
413
413
409
409
409
409
409
403
403
403
403
403
404
404
404
404
404
404
386
386
386
386
386
404
404
404
404
404
387
387
387
387
387
387
414
414
414
414
414
400
400
400
400
400
406
406
406
406
406
406
410
410
410
410
410
401
401
401
401
401
418
418
418
418
418
418
415
415
415
415
415
427
427
427
427
427
412
412
412
412
412
412
412
412
412
412
412
412
412
412
412
412
417
417
417
417
417
417
425
425
425
425
425
413
413
413
413
413
419
419
419
419
419
419
420
420
420
420
420
414
414
414
414
414
410
410
410
410
410
410
408
408
408
408
408
421
421
421
421
421
429
429
429
429
429
429
424
424
424
424
424
422
422
422
422
422
425
425
425
425
425
425
425
425
425
425
425
420
420
420
420
420
406
406
406
406
406
406
384
384
384
384
384
404
404
404
404
404
409
409
409
409
409
409
410
410
410
410
410
406
406
406
406
406
408
408
408
408
408
408
410
410
410
410
410
413
413
413
413
413
412
412
412
412
412
412
421
421
421
421
421
412
412
412
412
412
408
408
408
408
408
408
412
412
412
412
412
400
400
400
400
400
418
418
418
418
418
418
420
420
420
420
420
425
425
425
425
425
427
427
427
427
427
427
419
419
419
419
419
448
448
448
448
448
441
441
441
441
441
441
416
416
416
416
416
439
439
439
439
439
425
425
425
425
425
425
413
413
413
413
413
404
404
404
404
404
405
405
405
405
405
405
391
391
391
391
391
421
421
421
421
421
402
402
402
402
402
402
415
415
415
415
415
412
412
412
412
412
405
405
405
405
405
405
409
409
409
409
409
422
422
422
422
422
400
400
400
400
400
400
388
388
388
388
388
389
389
389
389
389
397
397
397
397
397
397
411
411
411
411
411
420
420
420
420
420
402
402
402
402
402
402
405
405
405
405
405
422
422
422
422
422
407
407
407
407
407
407
413
413
413
413
413
427
427
427
427
427
414
414
414
414
414
414
410
410
410
410
410
412
412
412
412
412
398
398
398
398
398
398
431
431
431
431
431
425
425
425
425
425
412
412
412
412
412
412
409
409
409
409
409
414
414
414
414
414
414
414
414
414
414
414
404
404
404
404
404
415
415
415
415
415
410
410
410
410
410
410
396
396
396
396
396
402
402
402
402
402
413
413
413
413
413
413
424
424
424
424
424
408
408
408
408
408
424
424
424
424
424
424
414
414
414
414
414
409
409
409
409
409
420
420
420
420
420
420
412
412
412
412
412
391
391
391
391
391
413
413
413
413
413
413
401
401
401
401
401
404
404
404
404
404
415
415
415
415
415
415
397
397
397
397
397
413
413
413
413
413
412
412
412
412
412
412
416
416
416
416
416
417
417
417
417
417
399
399
399
399
399
399
410
410
410
410
410
407
407
407
407
407
429
429
429
429
429
429
406
406
406
406
406
417
417
417
417
417
403
403
403
403
403
403
419
419
419
419
419
427
427
427
427
427
423
423
423
423
423
423
427
427
427
427
427