1610
1609
1608
1609
1610
1611
1611
1607
1607
1607
1607
1609
1607
1608
1608
1609
1611
1610
1609
1608
1607
1607
1609
1607
1611
1608
1610
1607
1607
1609
1608
1610
1607
1608
1606
1609
1608
1608
1609
1605
1607
1607
1607
1604
1606
1609
1609
1608
1610
1608
1607
1606
1606
1608
1610
1607
1611
1608
1608
1607
1609
1611
1606
1609
1610
1608
1607
1606
1606
1608
1608
1608
1609
1606
1607
1608
1605
1610
1608
1610
1606
1607
1607
1607
1608
1607
1605
1611
1608
1609
1607
1606
1607
1608
1606
1610
1609
1604
1607
1609
1607
1609
1608
1607
1610
1608
1607
1607
1605
1608
1606
1607
1610
1609
1607
1606
1609
1607
1605
1608
1608
1605
1607
1605
1606
1608
1606
1608
1605
1606
1608
1606
1603
1606
1606
1607
1610
1606
1606
1604
1608
1604
1606
1605
1607
1606
1606
1605
1607
1606
1605
1606
1606
1606
1606
1607
1604
1605
1605
1603
1603
1605
1606
1606
1605
1602
1606
1607
1603
1604
1605
1603
1603
1604
1605
1606
1607
1603
1606
1603
1603
1605
1607
1604
1603
1603
1601
1603
1607
1601
1603
1606
1603
1604
1607
1605
1606
1604
1606
1603
1606
1603
1605
1604
1603
1604
1606
1604
1603
1603
1603
1601
1604
1604
1604
1603
1605
1598
1601
1603
1603
1603
1606
1605
1603
1601
1603
1601
1603
1601
1600
1604
1603
1603
1600
1602
1601
1601
1604
1600
1603
1604
1603
1602
1603
1603
1605
1603
1603
1603
1604
1606
1600
1602
1601
1603
1602
1602
1601
1603
1600
1600
1601
1602
1599
1601
1603
1601
1601
1600
1601
1601
1600
1600
1599
1601
1601
1600
1600
1600
1601
1598
1600
1603
1602
1601
1600
1601
1600
1603
1598
1603
1605
1603
1603
1602
1602
1601
1600
1601
1599
1599
1602
1600
1601
1598
1600
1600
1603
1597
1601
1601
1600
1600
1598
1601
1600
1601
1598
1600
1601
1599
1601
1599
1600
1598
1600
1598
1600
1599
1601
1600
1598
1599
1600
1600
1601
1599
1600
1602
1598
1599
1599
1599
1600
1600
1600
1599
1597
1597
1598
1598
1599
1600
1599
1599
1599
1597
1599
1600
1600
1600
1599
1600
1598
1600
1600
1597
1599
1596
1597
1598
1597
1599
1597
1598
1596
1598
1598
1598
1596
1597
1597
1597
1597
1595
1596
1596
1597
1595
1596
1596
1598
1599
1596
1596
1595
1597
1595
1596
1598
1596
1600
1597
1596
1598
1598
1597
1595
1595
1596
1597
1598
1596
1596
1596
1596
1596
1598
1594
1596
1594
1593
1599
1594
1592
1595
1594
1592
1597
1596
1594
1596
1593
1596
1594
1595
1596
1595
1596
1594
1596
1595
1592
1595
1592
1594
1595
1593
1597
1595
1595
1593
1595
1596
1594
1595
1594
1596
1592
1594
1590
1592
1594
1591
1592
1593
1592
1592
1593
1594
1593
1594
1594
1592
1593
1592
1595
1592
1591
1596
1590
1592
1594
1590
1593
1589
1592
1593
1592
1592
1592
1593
1592
1592
1594
1590
1590
1588
1592
1594
1596
1589
1592
1592
1592
1591
1592
1592
1592
1592
1588
1592
1591
1589
1592
1590
1592
1593
1593
1589
1592
1590
1591
1592
1589
1594
1590
1593
1591
1593
1591
1591
1592
1589
1590
1592
1595
1595
1590
1593
1589
1592
1592
1591
1592
1592
1592
1587
1587
1590
1590
1592
1590
1589
1590
1587
1591
1587
1589
1590
1592
1589
1589
1590
1589
1589
1590
1590
1586
1589
1588
1589
1590
1588
1589
1588
1589
1589
1591
1587
1590
1590
1590
1588
1587
1588
1590
1589
1588
1590
1588
1585
1588
1589
1587
1588
1588
1587
1587
1589
1586
1590
1587
1588
1585
1588
1587
1586
1590
1586
1588
1589
1590
1590
1584
1585
1588
1589
1588
1590
1588
1588
1587
1588
1585
1587
1585
1587
1588
1587
1588
1587
1589
1587
1588
1586
1587
1589
1588
1587
1587
1586
1587
1587
1588
1585
1585
1586
1586
1588
1587
1586
1588
1587
1585
1585
1588
1584
1585
1585
1587
1587
1587
1587
1587
1584
1585
1584
1585
1587
1585
1585
1589
1584
1581
1584
1586
1583
1584
1585
1587
1584
1584
1585
1584
1585
1588
1586
1584
1585
1583
1587
1585
1586
1584
1585
1588
1586
1587
1584
1583
1585
1584
1581
1584
1584
1584
1582
1584
1585
1587
1582
1585
1584
1586
1586
1585
1586
1584
1584
1584
1586
1582
1580
1583
1580
1584
1584
1582
1584
1581
1583
1581
1582
1584
1584
1582
1584
1584
1585
1580
1585
1582
1583
1580
1587
1584
1583
1583
1584
1584
1581
1580
1583
1584
1582
1580
1583
1582
1584
1581
1581
1581
1580
1584
1579
1582
1584
1584
1580
1584
1583
1585
1584
1582
1584
1580
1580
1582
1580
1581
1582
1582
1581
1583
1583
1581
1583
1584
1578
1578
1581
1583
1582
1580
1580
1582
1581
1581
1580
1579
1579
1580
1582
1580
1580
1582
1580
1578
1580
1579
1580
1579
1579
1580
1582
1580
1579
1580
1578
1581
1582
1578
1580
1577
1582
1580
1581
1579
1578
1580
1578
1578
1578
1582
1577
1578
1577
1582
1578
1577
1578
1582
1580
1576
1578
1576
1576
1576
1578
1580
1580
1577
1578
1576
1577
1579
1577
1578
1575
1577
1577
1576
1579
1579
1577
1576
1575
1579
1578
1578
1579
1575
1574
1576
1577
1579
1580
1576
1576
1577
1577
1577
1577
1575
1577
1576
1575
1577
1575
1577
1579
1577
1576
1579
1576
1577
1576
1577
1577
1576
1576
1578
1576
1576
1577
1577
1575
1575
1577
1575
1573
1576
1575
1575
1575
1576
1576
1574
1574
1575
1575
1576
1576
1575
1574
1576
1575
1576
1574
1574
1574
1575
1573
1572
1572
1574
1574
1574
1575
1570
1573
1571
1573
1573
1572
1573
1572
1571
1575
1571
1572
1572
1570
1573
1569
1571
1572
1571
1574
1574
1574
1573
1570
1569
1572
1570
1574
1572
1571
1570
1570
1572
1572
1570
1569
1570
1571
1572
1570
1572
1573
1574
1571
1573
1571
1571
1570
1570
1570
1571
1569
1567
1570
1571
1570
1572
1569
1570
1568
1568
1569
1570
1569
1572
1570
1572
1569
1567
1567
1571
1568
1571
1568
1570
1568
1570
1567
1570
1568
1569
1569
1570
1569
1567
1570
1568
1571
1571
1569
1569
1569
1566
1569
1567
1570
1569
1571
1568
1568
1567
1571
1566
1568
1568
1570
1569
1568
1569
1571
1565
1564
1566
1566
1567
1568
1567
1567
1567
1567
1569
1567
1566
1566
1567
1566
1567
1568
1567
1566
1564
1564
1567
1567
1568
1565
1567
1566
1569
1564
1564
1567
1566
1563
1567
1566
1564
1566
1562
1567
1565
1564
1564
1564
1565
1562
1563
1568
1566
1565
1564
1567
1565
1566
1565
1565
1563
1566
1564
1564
1565
1564
1564
1561
1566
1563
1565
1563
1563
1565
1564
1566
1564
1564
1565
1563
1561
1561
1565
1561
1564
1563
1562
1561
1563
1561
1561
1564
1561
1563
1563
1561
1562
1560
1562
1563
1560
1562
1560
1562
1562
1561
1562
1561
1560
1561
1562
1562
1559
1560
1559
1562
1559
1560
1560
1561
1560
1563
1562
1562
1558
1561
1560
1558
1559
1562
1560
1559
1560
1561
1558
1559
1559
1560
1560
1559
1558
1560
1558
1559
1559
1560
1558
1560
1560
1557
1559
1560
1560
1556
1560
1560
1557
1559
1560
1556
1559
1559
1558
1558
1560
1559
1559
1555
1561
1560
1556
1556
1559
1560
1561
1556
1558
1559
1559
1559
1561
1559
1557
1557
1559
1559
1558
1562
1558
1557
1558
1560
1557
1558
1561
1558
1559
1560
1557
1559
1558
1562
1560
1559
1559
1556
1556
1558
1556
1555
1558
1558
1558
1558
1558
1560
1556
1559
1558
1558
1556
1555
1558
1556
1557
1558
1557
1556
1560
1556
1557
1555
1552
1552
1555
1553
1555
1556
1552
1551
1553
1554
1555
1554
1556
1553
1553
1554
1556
1554
1554
1554
1553
1554
1552
1552
1555
1553
1552
1552
1551
1551
1552
1551
1551
1551
1555
1552
1553
1551
1554
1551
1553
1551
1552
1551
1550
1553
1551
1551
1554
1551
1555
1551
1553
1553
1553
1550
1553
1550
1550
1549
1552
1549
1550
1551
1552
1553
1548
1552
1551
1551
1549
1551
1551
1549
1549
1550
1551
1550
1550
1548
1550
1550
1548
1552
1550
1549
1550
1550
1550
1548
1550
1548
1548
1549
1547
1551
1546
1547
1546
1550
1548
1548
1550
1547
1550
1549
1548
1545
1546
1547
1548
1547
1546
1549
1545
1548
1547
1546
1546
1545
1548
1547
1546
1547
1546
1545
1545
1545
1544
1543
1544
1547
1543
1543
1546
1543
1544
1546
1544
1543
1547
1544
1545
1544
1543
1544
1544
1544
1544
1544
1543
1544
1543
1545
1543
1545
1544
1543
1545
1542
1544
1542
1545
1542
1545
1543
1545
1543
1542
1542
1542
1542
1544
1542
1543
1543
1541
1541
1540
1540
1543
1543
1542
1544
1544
1542
1543
1541
1539
1542
1541
1537
1539
1543
1538
1542
1540
1542
1540
1541
1541
1537
1541
1540
1539
1542
1539
1540
1542
1540
1542
1542
1538
1540
1540
1540
1538
1537
1539
1539
1541
1541
1539
1541
1537
1539
1542
1537
1539
1538
1540
1537
1537
1537
1538
1539
1536
1538
1540
1538
1539
1539
1538
1538
1541
1538
1537
1539
1536
1536
1538
1538
1536
1537
1539
1539
1538
1537
1536
1536
1536
1536
1535
1534
1536
1537
1538
1536
1535
1532
1535
1536
1537
1537
1535
1534
1535
1534
1536
1532
1536
1536
1535
1533
1535
1534
1536
1534
1535
1536
1533
1533
1534
1534
1536
1533
1534
1535
1535
1535
1532
1533
1530
1532
1532
1532
1534
1535
1531
1534
1532
1532
1533
1531
1532
1531
1531
1534
1529
1530
1531
1532
1531
1532
1531
1533
1530
1531
1532
1530
1532
1533
1532
1531
1530
1532
1531
1533
1532
1529
1533
1530
1528
1531
1531
1529
1532
1532
1530
1531
1529
1531
1534
1531
1532
1529
1531
1531
1531
1528
1531
1529
1530
1528
1530
1532
1532
1530
1532
1528
1528
1528
1527
1527
1528
1526
1529
1527
1528
1528
1528
1532
1526
1528
1526
1528
1529
1527
1528
1528
1527
1526
1527
1527
1528
1529
1526
1528
1527
1529
1527
1528
1529
1528
1527
1525
1528
1526
1527
1528
1528
1527
1523
1527
1525
1527
1523
1528
1527
1524
1527
1530
1527
1523
1527
1523
1528
1527
1525
1525
1524
1523
1524
1521
1528
1525
1524
1526
1526
1523
1525
1523
1523
1526
1527
1523
1525
1525
1526
1526
1523
1523
1523
1523
1523
1523
1521
1524
1521
1523
1520
1523
1522
1520
1522
1522
1520
1520
1522
1523
1522
1522
1523
1520
1519
1522
1523
1521
1521
1520
1523
1522
1520
1519
1523
1523
1521
1521
1520
1524
1522
1521
1521
1520
1520
1521
1520
1520
1521
1520
1520
1518
1523
1522
1518
1518
1519
1519
1519
1520
1520
1518
1520
1518
1520
1521
1519
1520
1519
1519
1521
1517
1520
1521
1519
1518
1520
1518
1519
1517
1516
1520
1515
1517
1517
1518
1517
1518
1517
1517
1517
1520
1520
1519
1520
1515
1516
1517
1514
1518
1514
1514
1518
1518
1518
1516
1519
1513
1515
1515
1514
1516
1517
1516
1516
1513
1514
1516
1516
1516
1512
1515
1514
1516
1512
1517
1515
1512
1512
1514
1512
1516
1512
1512
1515
1513
1513
1515
1513
1513
1513
1514
1509
1512
1513
1512
1516
1515
1512
1512
1515
1512
1513
1511
1512
1509
1512
1510
1513
1514
1510
1513
1513
1512
1511
1511
1510
1511
1512
1512
1512
1512
1512
1513
1512
1511
1510
1511
1511
1513
1510
1508
1511
1509
1511
1511
1510
1510
1511
1511
1509
1510
1508
1507
1510
1509
1511
1509
1511
1507
1510
1512
1510
1509
1508
1508
1508
1507
1511
1509
1510
1506
1508
1509
1507
1507
1510
1508
1508
1509
1508
1507
1507
1510
1509
1508
1505
1506
1509
1504
1508
1505
1507
1507
1504
1506
1504
1506
1507
1504
1507
1502
1507
1507
1509
1506
1507
1504
1507
1505
1504
1506
1505
1504
1504
1507
1506
1504
1507
1507
1505
1505
1506
1504
1503
1504
1507
1504
1507
1502
1504
1505
1502
1504
1503
1503
1503
1503
1500
1504
1505
1503
1502
1503
1503
1505
1504
1503
1505
1504
1503
1504
1502
1502
1504
1503
1503
1503
1501
1498
1504
1500
1505
1502
1502
1502
1503
1502
1500
1502
1503
1499
1501
1503
1500
1502
1500
1502
1500
1502
1503
1502
1503
1501
1503
1497
1500
1501
1498
1500
1499
1500
1501
1500
1498
1497
1504
1500
1500
1499
1501
1499
1500
1499
1496
1502
1496
1500
1499
1499
1497
1500
1499
1499
1499
1497
1500
1500
1500
1500
1498
1499
1499
1497
1497
1500
1497
1498
1498
1498
1496
1496
1497
1497
1496
1494
1496
1496
1499
1495
1493
1492
1496
1496
1496
1491
1495
1498
1497
1496
1493
1494
1496
1496
1494
1494
1496
1495
1495
1494
1492
1493
1491
1495
1495
1495
1496
1495
1494
1496
1494
1493
1494
1493
1496
1492
1496
1493
1491
1493
1495
1494
1491
1494
1491
1496
1492
1495
1494
1494
1494
1496
1492
1494
1494
1496
1492
1496
1494
1494
1493
1492
1496
1492
1494
1495
1493
1495
1495
1493
1495
1496
1494
1496
1495
1494
1494
1496
1493
1495
1493
1492
1495
1494
1494
1495
1496
1495
1490
1492
1490
1493
1494
1489
1490
1491
1491
1491
1490
1492
1491
1490
1491
1490
1491
1490
1490
1488
1489
1489
1484
1488
1490
1489
1491
1489
1490
1487
1492
1487
1487
1490
1488
1487
1488
1487
1487
1489
1489
1487
1491
1485
1487
1490
1487
1488
1489
1488
1486
1485
1488
1484
1485
1487
1488
1489
1487
1485
1488
1487
1487
1485
1487
1486
1486
1484
1487
1487
1486
1485
1485
1484
1484
1486
1487
1484
1485
1481
1486
1484
1485
1485
1484
1484
1484
1483
1484
1483
1485
1483
1484
1479
1484
1483
1484
1480
1484
1483
1484
1480
1483
1477
1481
1480
1483
1482
1481
1480
1484
1480
1480
1481
1482
1483
1483
1481
1479
1482
1483
1481
1479
1481
1481
1479
1481
1482
1481
1481
1479
1476
1479
1479
1479
1481
1481
1483
1482
1479
1479
1479
1478
1480
1479
1483
1479
1477
1480
1479
1480
1477
1480
1479
1479
1476
1479
1478
1478
1477
1474
1477
1477
1476
1478
1477
1479
1478
1479
1476
1475
1478
1476
1476
1477
1479
1475
1478
1476
1475
1477
1476
1476
1478
1477
1478
1476
1475
1476
1475
1475
1475
1475
1474
1472
1475
1475
1475
1476
1474
1472
1475
1474
1475
1475
1475
1474
1476
1473
1474
1475
1474
1475
1473
1473
1474
1472
1473
1473
1472
1474
1472
1475
1473
1474
1472
1472
1470
1473
1472
1472
1472
1470
1468
1472
1468
1473
1472
1472
1472
1469
1468
1473
1473
1470
1472
1471
1469
1469
1470
1471
1470
1472
1467
1469
1467
1470
1470
1469
1468
1467
1468
1468
1468
1470
1470
1470
1467
1471
1471
1469
1469
1467
1467
1471
1468
1466
1464
1466
1469
1467
1466
1468
1467
1467
1466
1465
1464
1465
1466
1467
1468
1468
1467
1468
1467
1465
1466
1465
1467
1465
1467
1464
1466
1463
1463
1463
1465
1465
1464
1464
1464
1462
1464
1464
1464
1462
1463
1466
1465
1461
1463
1467
1464
1464
1464
1465
1463
1462
1464
1463
1463
1462
1464
1464
1464
1461
1464
1461
1461
1460
1459
1461
1460
1464
1461
1459
1460
1464
1462
1462
1460
1460
1460
1461
1460
1462
1459
1459
1460
1458
1459
1460
1459
1460
1459
1461
1460
1459
1460
1456
1459
1460
1459
1460
1455
1458
1457
1458
1459
1459
1455
1457
1459
1460
1458
1458
1454
1456
1456
1456
1460
1459
1455
1456
1456
1457
1455
1454
1456
1454
1455
1459
1454
1456
1458
1457
1457
1457
1455
1455
1458
1452
1455
1454
1458
1456
1455
1457
1457
1454
1455
1454
1456
1455
1456
1454
1454
1455
1456
1454
1455
1454
1457
1454
1454
1454
1453
1453
1454
1452
1455
1451
1454
1453
1454
1452
1452
1452
1453
1453
1453
1450
1451
1454
1451
1453
1450
1453
1452
1452
1449
1450
1451
1451
1451
1451
1452
1451
1452
1452
1450
1452
1453
1451
1447
1451
1450
1448
1451
1451
1448
1448
1448
1451
1448
1451
1451
1450
1448
1446
1450
1450
1447
1448
1449
1446
1446
1450
1449
1450
1448
1445
1449
1445
1449
1445
1448
1447
1448
1446
1447
1447
1447
1447
1448
1447
1447
1448
1446
1445
1447
1447
1447
1449
1444
1447
1448
1445
1446
1446
1447
1444
1444
1444
1445
1448
1446
1446
1445
1446
1443
1446
1445
1445
1445
1444
1443
1444
1444
1443
1443
1444
1443
1445
1443
1443
1444
1445
1440
1446
1445
1440
1444
1442
1443
1442
1442
1439
1442
1440
1443
1438
1441
1443
1443
1440
1440
1441
1441
1440
1439
1439
1438
1439
1440
1441
1439
1441
1438
1437
1441
1439
1439
1439
1440
1442
1441
1439
1439
1437
1438
1439
1441
1438
1438
1438
1441
1440
1437
1438
1438
1435
1436
1438
1437
1438
1438
1435
1439
1438
1439
1439
1437
1437
1436
1438
1436
1438
1438
1436
1436
1436
1436
1435
1436
1436
1435
1438
1437
1434
1437
1433
1437
1435
1435
1434
1435
1433
1434
1434
1434
1434
1434
1435
1434
1433
1436
1434
1436
1434
1434
1435
1436
1432
1435
1434
1435
1431
1434
1436
1436
1435
1433
1432
1434
1432
1435
1436
1437
1432
1435
1435
1435
1436
1434
1435
1436
1436
1433
1432
1434
1432
1435
1435
1432
1435
1433
1435
1433
1431
1436
1433
1433
1432
1434
1434
1434
1432
1432
1432
1432
1432
1429
1427
1433
1432
1431
1430
1430
1430
1432
1428
1432
1429
1428
1428
1427
1430
1428
1428
1432
1431
1427
1429
1426
1430
1428
1427
1427
1427
1426
1429
1427
1428
1428
1428
1427
1425
1428
1428
1428
1430
1427
1424
1427
1428
1425
1426
1428
1427
1425
1426
1426
1427
1424
1425
1427
1424
1423
1426
1427
1423
1425
1423
1423
1423
1424
1422
1421
1423
1423
1423
1421
1425
1422
1420
1422
1424
1423
1419
1422
1420
1419
1421
1422
1420
1420
1418
1418
1420
1418
1419
1422
1420
1419
1418
1417
1418
1419
1417
1417
1418
1420
1417
1420
1420
1420
1417
1416
1418
1417
1416
1415
1415
1417
1418
1418
1418
1417
1415
1421
1415
1416
1414
1418
1416
1418
1415
1418
1415
1415
1415
1417
1411
1415
1412
1415
1414
1415
1415
1411
1412
1414
1413
1412
1415
1411
1411
1413
1409
1412
1414
1412
1414
1411
1411
1411
1411
1412
1415
1412
1411
1411
1411
1408
1412
1412
1412
1410
1410
1408
1410
1409
1410
1413
1410
1408
1411
1411
1411
1408
1409
1410
1411
1410
1411
1406
1409
1411
1406
1407
1409
1408
1408
1408
1409
1409
1407
1408
1409
1407
1408
1406
1404
1409
1408
1408
1404
1406
1404
1405
1407
1404
1406
1405
1401
1407
1404
1403
1404
1407
1406
1404
1404
1405
1403
1403
1404
1404
1404
1406
1405
1401
1402
1403
1400
1402
1405
1404
1403
1400
1404
1404
1401
1403
1401
1404
1402
1404
1402
1402
1402
1400
1401
1403
1400
1403
1400
1401
1398
1398
1402
1396
1401
1401
1401
1401
1400
1403
1402
1397
1398
1399
1400
1398
1401
1398
1398
1400
1398
1400
1396
1396
1396
1398
1398
1397
1399
1398
1400
1399
1398
1395
1395
1399
1395
1400
1396
1398
1396
1395
1397
1399
1394
1394
1395
1396
1393
1397
1393
1392
1397
1395
1393
1395
1392
1395
1396
1393
1394
1395
1394
1392
1392
1391
1395
1393
1392
1395
1393
1389
1392
1396
1392
1392
1391
1394
1391
1391
1390
1392
1393
1393
1394
1391
1390
1392
1392
1391
1390
1391
1392
1391
1388
1390
1392
1391
1390
1389
1389
1387
1388
1391
1392
1390
1390
1388
1389
1387
1387
1390
1388
1389
1388
1389
1386
1386
1388
1390
1385
1388
1388
1386
1385
1388
1387
1386
1384
1387
1388
1386
1387
1386
1385
1385
1387
1383
1385
1386
1384
1386
1382
1385
1384
1387
1386
1384
1379
1385
1384
1384
1386
1384
1383
1385
1381
1385
1385
1385
1383
1382
1385
1384
1383
1382
1383
1380
1383
1382
1383
1385
1380
1383
1378
1382
1380
1383
1383
1380
1381
1380
1383
1383
1381
1380
1380
1379
1380
1380
1381
1381
1378
1381
1381
1381
1382
1380
1382
1380
1383
1380
1378
1383
1382
1383
1380
1381
1381
1380
1380
1382
1380
1381
1383
1382
1382
1380
1380
1381
1381
1385
1382
1382
1381
1381
1382
1382
1381
1383
1382
1383
1382
1382
1380
1382
1380
1378
1379
1382
1382
1380
1376
1379
1379
1379
1376
1378
1375
1376
1376
1375
1375
1379
1376
1379
1376
1376
1375
1377
1378
1375
1375
1374
1372
1371
1372
1376
1376
1375
1372
1375
1375
1371
1374
1375
1376
1374
1375
1376
1373
1376
1374
1374
1377
1372
1377
1375
1376
1372
1374
1374
1375
1372
1373
1372
1373
1372
1374
1372
1372
1370
1372
1369
1371
1369
1373
1368
1370
1368
1372
1369
1371
1370
1369
1368
1368
1371
1369
1370
1368
1369
1369
1366
1371
1366
1368
1369
1368
1368
1367
1368
1368
1370
1369
1368
1369
1369
1370
1366
1365
1368
1370
1366
1367
1367
1367
1364
1364
1366
1366
1365
1365
1366
1364
1366
1367
1365
1366
1367
1365
1366
1366
1368
1365
1364
1363
1366
1363
1367
1363
1363
1364
1364
1363
1366
1361
1364
1361
1364
1363
1361
1361
1363
1361
1361
1362
1363
1360
1360
1360
1360
1362
1358
1359
1359
1359
1360
1360
1359
1362
1360
1361
1358
1360
1360
1357
1360
1361
1361
1359
1358
1359
1362
1358
1359
1357
1359
1360
1359
1359
1359
1356
1356
1356
1358
1357
1358
1358
1358
1357
1356
1353
1357
1356
1357
1353
1356
1356
1355
1355
1356
1354
1356
1354
1356
1355
1355
1354
1354
1355
1355
1354
1354
1353
1356
1351
1354
1353
1351
1351
1353
1355
1352
1353
1350
1352
1352
1351
1351
1351
1354
1351
1351
1354
1351
1350
1351
1352
1350
1351
1349
1350
1352
1350
1351
1351
1351
1351
1349
1348
1350
1352
1351
1348
1349
1350
1352
1348
1352
1348
1348
1348
1348
1349
1348
1345
1345
1346
1347
1346
1347
1345
1347
1347
1348
1348
1345
1346
1349
1344
1347
1346
1349
1345
1346
1348
1344
1347
1348
1344
1348
1346
1344
1347
1345
1344
1343
1345
1347
1346
1344
1346
1345
1343
1346
1343
1345
1346
1345
1344
1344
1345
1345
1347
1346
1345
1343
1343
1344
1347
1344
1342
1343
1341
1344
1343
1344
1345
1340
1340
1343
1341
1341
1340
1343
1343
1343
1342
1342
1341
1343
1343
1339
1340
1342
1343
1340
1342
1340
1341
1338
1340
1341
1335
1339
1340
1340
1337
1339
1340
1339
1342
1340
1338
1340
1341
1340
1337
1340
1340
1338
1341
1339
1337
1341
1339
1339
1336
1336
1338
1338
1336
1340
1339
1339
1340
1340
1338
1336
1339
1338
1338
1336
1336
1338
1339
1336
1337
1337
1336
1334
1336
1336
1336
1339
1337
1334
1335
1336
1337
1338
1335
1336
1336
1334
1336
1335
1335
1336
1335
1336
1336
1334
1332
1333
1335
1333
1334
1334
1335
1334
1333
1336
1334
1333
1333
1332
1334
1334
1333
1332
1334
1332
1330
1332
1332
1334
1334
1333
1334
1335
1336
1336
1334
1333
1333
1331
1332
1335
1334
1335
1335
1334
1336
1336
1338
1335
1334
1336
1335
1336
1335
1334
1336
1336
1332
1338
1339
1337
1332
1332
1336
1336
1338
1335
1334
1336
1337
1336
1333
1335
1336
1335
1334
1334
1335
1335
1336
1334
1333
1330
1334
1334
1335
1330
1335
1334
1334
1332
1334
1331
1332
1331
1333
1330
1335
1334
1332
1331
1332
1328
1331
1332
1331
1331
1331
1331
1333
1334
1333
1332
1329
1332
1332
1332
1331
1328
1329
1331
1330
1330
1330
1333
1329
1330
1330
1331
1330
1334
1328
1327
1328
1327
1329
1327
1330
1328
1328
1324
1327
1328
1330
1329
1327
1327
1327
1328
1330
1330
1328
1326
1326
1330
1329
1327
1328
1329
1331
1328
1329
1326
1326
1330
1328
1325
1329
1327
1327
1328
1327
1328
1328
1325
1327
1327
1326
1326
1326
1326
1325
1327
1328
1324
1325
1325
1328
1323
1324
1327
1325
1325
1324
1324
1325
1324
1326
1325
1324
1322
1320
1326
1326
1325
1327
1324
1324
1323
1323
1322
1322
1324
1322
1323
1324
1323
1322
1321
1322
1322
1321
1324
1323
1323
1324
1321
1321
1320
1321
1323
1321
1319
1321
1323
1324
1321
1323
1319
1323
1320
1320
1323
1323
1323
1320
1320
1321
1321
1318
1321
1319
1320
1319
1318
1320
1320
1318
1321
1320
1318
1319
1319
1318
1322
1321
1320
1320
1321
1322
1317
1320
1317
1320
1318
1321
1321
1320
1319
1318
1316
1318
1318
1318
1318
1319
1316
1315
1319
1320
1318
1320
1316
1315
1317
1316
1318
1318
1319
1317
1318
1318
1319
1316
1316
1316
1317
1316
1315
1315
1316
1317
1319
1318
1315
1313
1315
1317
1315
1315
1313
1313
1313
1318
1314
1313
1315
1315
1316
1315
1317
1315
1315
1312
1316
1315
1316
1316
1315
1313
1315
1313
1313
1313
1315
1314
1312
1317
1314
1312
1313
1313
1312
1310
1313
1311
1314
1312
1314
1315
1314
1314
1312
1311
1312
1310
1311
1311
1314
1311
1312
1312
1315
1313
1312
1311
1313
1310
1315
1310
1315
1311
1311
1314
1311
1310
1311
1313
1312
1311
1312
1311
1309
1312
1311
1311
1312
1311
1310
1311
1310
1310
1311
1311
1312
1310
1308
1309
1311
1311
1310
1308
1310
1311
1309
1310
1310
1307
1308
1311
1309
1309
1310
1311
1310
1309
1308
1307
1310
1310
1310
1309
1309
1308
1307
1308
1308
1310
1308
1308
1307
1309
1307
1305
1306
1305
1305
1306
1305
1306
1307
1306
1306
1307
1304
1305
1306
1307
1307
1307
1305
1305
1306
1304
1306
1304
1304
1304
1307
1304
1309
1308
1304
1308
1307
1308
1305
1308
1308
1306
1310
1306
1308
1307
1308
1308
1307
1308
1308
1310
1310
1309
1311
1310
1311
1310
1310
1307
1308
1311
1308
1309
1308
1308
1306
1305
1310
1308
1307
1309
1305
1308
1307
1307
1309
1309
1306
1303
1306
1304
1304
1307
1303
1304
1306
1307
1305
1307
1306
1303
1304
1305
1302
1303
1306
1302
1302
1302
1304
1304
1304
1304
1304
1304
1300
1303
1302
1299
1305
1302
1302
1303
1302
1304
1302
1302
1301
1300
1300
1302
1300
1300
1303
1302
1301
1303
1300
1303
1300
1301
1299
1299
1300
1299
1299
1300
1298
1302
1300
1299
1301
1299
1300
1299
1302
1300
1298
1301
1299
1301
1299
1299
1299
1299
1298
1297
1298
1299
1297
1299
1297
1297
1298
1297
1299
1299
1296
1297
1299
1298
1297
1296
1299
1296
1295
1298
1297
1295
1294
1297
1295
1298
1295
1295
1295
1296
1297
1294
1297
1295
1299
1294
1296
1296
1295
1295
1294
1295
1294
1292
1292
1294
1295
1296
1296
1295
1292
1292
1295
1293
1293
1292
1295
1293
1294
1296
1295
1292
1295
1296
1293
1295
1294
1295
1292
1293
1291
1295
1291
1294
1293
1293
1294
1291
1292
1291
1294
1291
1292
1291
1295
1291
1291
1292
1292
1292
1290
1292
1289
1290
1292
1291
1289
1291
1291
1288
1291
1292
1292
1290
1292
1292
1290
1290
1290
1287
1289
1290
1290
1290
1288
1292
1289
1289
1288
1289
1289
1287
1288
1291
1288
1286
1289
1289
1291
1287
1290
1289
1290
1289
1288
1289
1288
1287
1286
1288
1287
1286
1286
1287
1287
1287
1289
1287
1288
1288
1284
1287
1287
1285
1290
1286
1288
1284
1286
1286
1285
1284
1288
1283
1285
1286
1287
1286
1284
1282
1286
1284
1285
1286
1285
1286
1282
1287
1282
1284
1282
1281
1281
1284
1283
1283
1283
1284
1285
1281
1283
1282
1286
1283
1283
1283
1283
1280
1284
1281
1281
1283
1284
1282
1284
1283
1281
1280
1279
1286
1280
1281
1283
1282
1284
1278
1280
1280
1280
1281
1278
1280
1278
1279
1279
1280
1279
1278
1281
1281
1281
1278
1280
1280
1280
1280
1279
1278
1280
1280
1279
1280
1279
1280
1278
1279
1280
1280
1280
1282
1282
1283
1280
1282
1279
1281
1281
1284
1282
1283
1285
1283
1284
1284
1281
1284
1283
1285
1284
1283
1283
1286
1284
1284
1284
1284
1283
1280
1282
1284
1281
1286
1283
1284
1284
1285
1284
1280
1282
1282
1283
1283
1284
1279
1279
1281
1283
1282
1282
1278
1281
1281
1281
1279
1283
1281
1280
1280
1280
1280
1279
1279
1278
1283
1278
1281
1278
1279
1282
1278
1280
1279
1280
1276
1279
1278
1282
1279
1278
1279
1276
1279
1277
1278
1274
1277
1273
1275
1276
1277
1276
1277
1277
1276
1273
1273
1275
1276
1273
1274
1276
1275
1275
1274
1276
1274
1276
1278
1276
1275
1273
1275
1273
1274
1275
1278
1272
1274
1275
1275
1273
1274
1274
1272
1274
1273
1275
1272
1275
1274
1270
1275
1274
1274
1271
1273
1275
1272
1272
1272
1272
1270
1271
1271
1270
1271
1271
1272
1272
1270
1272
1271
1270
1270
1272
1271
1270
1270
1271
1271
1267
1270
1269
1270
1270
1269
1267
1268
1269
1268
1268
1270
1271
1268
1267
1267
1269
1268
1268
1269
1267
1269
1267
1269
1267
1266
1268
1267
1267
1268
1269
1266
1267
1267
1266
1264
1268
1268
1268
1266
1262
1262
1265
1265
1264
1267
1264
1265
1265
1265
1264
1266
1264
1263
1263
1264
1264
1265
1265
1265
1264
1265
1264
1265
1263
1264
1265
1264
1264
1266
1261
1263
1265
1264
1263
1264
1260
1264
1265
1264
1262
1264
1261
1263
1261
1262
1263
1263
1262
1260
1262
1263
1262
1262
1263
1262
1258
1260
1264
1260
1264
1263
1258
1260
1263
1260
1260
1258
1262
1262
1260
1262
1260
1261
1259
1260
1260
1261
1260
1262
1260
1261
1260
1257
1259
1257
1262
1257
1256
1260
1259
1256
1260
1262
1258
1258
1258
1257
1259
1260
1256
1258
1258
1259
1257
1257
1260
1255
1258
1258
1257
1256
1259
1256
1255
1256
1256
1257
1257
1258
1259
1260
1256
1255
1254
1256
1259
1255
1259
1257
1257
1258
1256
1257
1255
1259
1257
1256
1253
1255
1255
1254
1253
1255
1255
1256
1256
1256
1255
1255
1256
1252
1256
1255
1254
1255
1250
1257
1254
1251
1255
1255
1252
1252
1254
1255
1253
1252
1253
1252
1254
1253
1252
1254
1255
1253
1253
1252
1252
1252
1251
1256
1251
1254
1254
1254
1254
1255
1256
1251
1256
1258
1256
1255
1255
1255
1255
1257
1255
1257
1256
1255
1260
1255
1258
1258
1259
1254
1257
1259
1256
1259
1258
1257
1259
1256
1258
1255
1256
1256
1251
1254
1257
1256
1256
1257
1256
1253
1255
1255
1254
1255
1252
1257
1258
1255
1255
1252
1255
1254
1252
1255
1253
1254
1253
1255
1254
1251
1251
1251
1255
1253
1253
1252
1251
1251
1249
1253
1250
1250
1251
1249
1248
1250
1250
1249
1249
1250
1249
1251
1248
1248
1251
1248
1251
1248
1249
1249
1250
1251
1251
1249
1249
1249
1248
1248
1251
1251
1247
1248
1246
1246
1247
1248
1248
1248
1246
1246
1248
1246
1247
1247
1244
1247
1246
1246
1248
1245
1246
1244
1247
1245
1245
1244
1246
1244
1242
1246
1244
1244
1243
1245
1241
1243
1244
1245
1244
1241
1244
1242
1242
1242
1241
1242
1244
1241
1240
1240
1244
1241
1241
1243
1242
1242
1242
1242
1240
1240
1240
1243
1243
1240
1241
1241
1240
1241
1240
1240
1240
1240
1239
1240
1240
1238
1240
1241
1238
1238
1240
1236
1242
1239
1238
1239
1239
1239
1238
1240
1239
1238
1238
1238
1237
1237
1236
1238
1235
1240
1238
1235
1238
1236
1238
1236
1237
1236
1238
1235
1236
1237
1236
1235
1236
1237
1235
1233
1237
1236
1234
1236
1237
1235
1233
1235
1233
1238
1236
1234
1232
1233
1235
1234
1234
1234
1233
1231
1236
1235
1231
1232
1232
1232
1235
1229
1231
1234
1234
1235
1234
1232
1232
1233
1230
1232
1232
1232
1235
1232
1233
1235
1234
1234
1239
1234
1234
1234
1235
1235
1235
1236
1236
1238
1234
1239
1238
1238
1236
1235
1233
1239
1236
1236
1237
1238
1235
1237
1236
1235
1236
1236
1236
1237
1238
1236
1237
1238
1235
1235
1233
1235
1235
1235
1235
1232
1238
1238
1232
1232
1233
1234
1235
1234
1228
1231
1232
1232
1230
1232
1231
1230
1232
1230
1231
1230
1229
1232
1228
1228
1230
1228
1231
1227
1232
1230
1229
1228
1230
1226
1231
1228
1227
1230
1228
1230
1226
1224
1225
1227
1227
1231
1227
1227
1229
1225
1227
1227
1226
1227
1223
1227
1223
1226
1225
1225
1224
1224
1227
1224
1226
1224
1224
1226
1224
1221
1222
1224
1224
1222
1228
1224
1223
1225
1225
1223
1220
1223
1222
1221
1220
1221
1225
1220
1224
1224
1221
1222
1220
1220
1222
1222
1222
1222
1221
1222
1223
1221
1220
1222
1221
1220
1220
1221
1221
1221
1218
1217
1220
1219
1220
1219
1221
1216
1219
1220
1222
1218
1220
1221
1217
1219
1219
1218
1217
1219
1218
1219
1218
1218
1219
1218
1218
1217
1216
1218
1216
1216
1217
1219
1217
1216
1219
1216
1216
1214
1216
1216
1215
1216
1214
1215
1216
1214
1220
1216
1215
1217
1214
1215
1219
1219
1216
1216
1212
1214
1212
1216
1216
1213
1214
1216
1214
1215
1215
1212
1214
1215
1214
1212
1215
1213
1213
1212
1214
1214
1215
1213
1214
1215
1214
1211
1211
1212
1212
1212
1213
1213
1210
1212
1209
1211
1211
1212
1209
1211
1207
1211
1210
1214
1212
1212
1213
1208
1211
1209
1213
1209
1212
1212
1210
1209
1208
1208
1208
1207
1211
1209
1209
1209
1208
1209
1210
1208
1211
1208
1205
1208
1208
1208
1208
1206
1206
1206
1204
1208
1206
1208
1207
1208
1207
1207
1209
1206
1207
1206
1207
1209
1208
1209
1208
1211
1209
1210
1210
1210
1209
1211
1215
1211
1211
1212
1210
1212
1216
1214
1213
1217
1214
1215
1212
1215
1216
1215
1214
1214
1214
1216
1213
1214
1215
1211
1216
1213
1215
1213
1215
1214
1212
1215
1211
1214
1212
1211
1214
1212
1213
1211
1214
1213
1211
1212
1215
1211
1210
1215
1213
1214
1212
1210
1213
1210
1214
1212
1212
1212
1212
1209
1210
1212
1212
1211
1209
1210
1210
1209
1208
1207
1209
1207
1206
1208
1208
1209
1208
1209
1207
1207
1208
1204
1208
1207
1208
1206
1206
1206
1204
1206
1206
1206
1204
1203
1204
1208
1203
1204
1208
1207
1202
1208
1204
1205
1203
1204
1203
1203
1204
1201
1202
1202
1201
1202
1200
1200
1201
1202
1203
1201
1203
1201
1203
1200
1202
1200
1198
1201
1199
1200
1199
1199
1198
1201
1201
1198
1200
1200
1199
1198
1201
1200
1199
1197
1200
1198
1197
1196
1198
1200
1198
1198
1199
1199
1199
1196
1197
1196
1199
1199
1198
1200
1198
1196
1196
1197
1196
1196
1193
1196
1193
1196
1196
1197
1196
1196
1196
1196
1195
1193
1196
1192
1194
1194
1193
1197
1197
1195
1194
1197
1192
1196
1193
1195
1194
1195
1193
1194
1191
1191
1193
1191
1197
1192
1192
1195
1193
1190
1191
1192
1193
1192
1193
1192
1193
1192
1191
1189
1191
1193
1191
1191
1191
1190
1192
1191
1191
1192
1190
1189
1189
1193
1191
1191
1189
1190
1189
1187
1191
1188
1191
1186
1190
1187
1191
1189
1191
1190
1187
1186
1186
1189
1190
1187
1186
1186
1190
1189
1187
1187
1187
1188
1190
1188
1187
1188
1184
1189
1187
1186
1185
1184
1186
1189
1184
1188
1187
1184
1184
1188
1184
1187
1185
1187
1183
1183
1185
1187
1185
1186
1183
1185
1186
1183
1185
1185
1184
1184
1185
1185
1185
1183
1185
1183
1183
1183
1183
1186
1185
1180
1184
1181
1184
1185
1185
1186
1189
1185
1187
1185
1188
1191
1185
1188
1191
1190
1188
1191
1191
1188
1189
1189
1191
1191
1191
1192
1192
1192
1192
1190
1192
1190
1194
1190
1190
1192
1195
1191
1191
1188
1190
1192
1188
1188
1187
1190
1188
1190
1188
1188
1187
1187
1187
1191
1189
1190
1188
1190
1189
1187
1188
1190
1188
1185
1187
1186
1187
1185
1185
1187
1186
1185
1184
1184
1185
1186
1184
1186
1183
1182
1184
1181
1183
1182
1182
1182
1184
1180
1183
1182
1181
1183
1181
1185
1183
1183
1182
1180
1182
1182
1181
1180
1178
1178
1180
1180
1180
1180
1176
1180
1179
1179
1179
1181
1178
1178
1176
1179
1178
1177
1177
1176
1177
1176
1176
1175
1175
1177
1176
1177
1176
1176
1177
1176
1177
1175
1179
1175
1175
1175
1174
1174
1174
1175
1176
1173
1174
1175
1175
1173
1174
1172
1172
1176
1173
1172
1175
1172
1172
1173
1173
1174
1171
1173
1172
1174
1174
1175
1171
1174
1172
1174
1169
1172
1172
1169
1171
1170
1170
1169
1172
1172
1167
1168
1172
1171
1170
1168
1167
1170
1172
1169
1168
1172
1168
1166
1168
1166
1168
1168
1169
1169
1169
1170
1168
1166
1167
1166
1167
1168
1169
1168
1168
1166
1168
1167
1167
1168
1168
1167
1165
1167
1169
1169
1166
1168
1168
1167
1164
1164
1168
1167
1164
1166
1164
1165
1164
1166
1164
1166
1164
1164
1164
1167
1166
1165
1167
1162
1166
1163
1166
1164
1166
1164
1167
1166
1164
1162
1166
1163
1163
1163
1162
1161
1163
1160
1164
1163
1163
1162
1164
1162
1164
1161
1164
1162
1162
1161
1159
1160
1161
1164
1159
1162
1158
1161
1156
1160
1159
1159
1160
1159
1160
1163
1156
1158
1160
1159
1159
1160
1163
1162
1163
1164
1162
1163
1164
1166
1164
1168
1164
1167
1166
1168
1167
1168
1168
1169
1170
1169
1171
1172
1168
1170
1169
1171
1166
1170
1169
1170
1168
1168
1169
1171
1166
1167
1169
1167
1169
1168
1166
1164
1171
1167
1169
1166
1168
1164
1167
1169
1166
1166
1168
1164
1165
1168
1164
1165
1164
1164
1163
1165
1164
1166
1167
1167
1160
1164
1163
1165
1166
1164
1166
1164
1163
1161
1161
1161
1164
1159
1164
1162
1162
1160
1160
1161
1163
1159
1162
1158
1162
1162
1159
1160
1159
1160
1158
1158
1156
1159
1156
1157
1159
1158
1158
1160
1158
1159
1158
1156
1155
1157
1155
1158
1155
1158
1156
1155
1152
1154
1156
1153
1156
1155
1155
1158
1154
1153
1151
1154
1156
1155
1154
1155
1153
1153
1153
1150
1152
1152
1151
1155
1153
1154
1155
1151
1153
1152
1153
1153
1152
1151
1148
1152
1150
1150
1152
1152
1151
1150
1149
1152
1149
1150
1152
1153
1148
1150
1148
1148
1149
1151
1148
1149
1148
1148
1148
1151
1151
1148
1150
1148
1148
1148
1146
1149
1148
1148
1149
1148
1142
1147
1147
1148
1148
1147
1144
1146
1150
1147
1146
1147
1147
1148
1147
1146
1142
1148
1144
1145
1148
1148
1144
1145
1144
1149
1144
1145
1146
1147
1146
1146
1145
1146
1141
1146
1144
1142
1144
1144
1144
1143
1142
1144
1142
1144
1146
1143
1148
1144
1144
1142
1145
1141
1144
1138
1142
1144
1143
1143
1144
1145
1142
1141
1143
1145
1142
1142
1144
1140
1142
1140
1143
1140
1140
1143
1140
1141
1141
1138
1140
1141
1140
1140
1139
1141
1142
1142
1142
1139
1139
1141
1141
1140
1140
1141
1141
1142
1143
1142
1140
1142
1144
1142
1143
1146
1145
1145
1147
1148
1145
1149
1148
1148
1148
1145
1146
1149
1148
1147
1149
1147
1148
1143
1149
1147
1147
1147
1147
1147
1145
1145
1145
1147
1145
1145
1146
1146
1147
1147
1147
1147
1147
1149
1147
1147
1145
1146
1147
1145
1142
1145
1142
1143
1142
1141
1140
1140
1140
1140
1143
1141
1141
1142
1142
1139
1142
1140
1137
1142
1136
1139
1140
1139
1140
1137
1139
1140
1138
1141
1137
1136
1136
1135
1135
1136
1136
1138
1137
1136
1135
1137
1134
1136
1135
1136
1134
1135
1133
1134
1134
1131
1133
1132
1132
1132
1133
1132
1132
1132
1132
1132
1131
1134
1132
1131
1132
1130
1130
1130
1129
1134
1132
1129
1129
1131
1131
1131
1130
1131
1132
1131
1129
1126
1129
1130
1131
1128
1128
1128
1127
1131
1128
1128
1129
1131
1130
1128
1129
1126
1129
1127
1127
1126
1128
1127
1127
1127
1127
1127
1127
1127
1127
1126
1127
1129
1126
1127
1126
1126
1124
1129
1124
1124
1124
1124
1124
1127
1123
1126
1124
1122
1124
1125
1122
1123
1123
1123
1121
1121
1124
1122
1122
1123
1120
1123
1122
1121
1124
1122
1123
1121
1123
1124
1121
1120
1120
1120
1120
1120
1120
1120
1123
1120
1119
1121
1119
1121
1120
1120
1120
1120
1121
1120
1119
1122
1118
1119
1119
1120
1118
1119
1121
1121
1121
1117
1122
1120
1116
1116
1120
1118
1117
1117
1118
1116
1118
1118
1118
1118
1117
1117
1116
1117
1120
1119
1118
1117
1119
1117
1118
1119
1119
1117
1120
1123
1123
1125
1124
1125
1124
1124
1126
1123
1123
1126
1125
1126
1127
1124
1124
1123
1124
1125
1124
1127
1127
1127
1126
1124
1122
1123
1123
1124
1123
1124
1126
1125
1124
1126
1125
1123
1123
1124
1124
1124
1125
1123
1126
1121
1124
1123
1127
1122
1127
1124
1122
1120
1123
1121
1120
1120
1123
1120
1121
1120
1123
1120
1121
1125
1121
1120
1122
1122
1120
1122
1122
1121
1118
1121
1116
1119
1120
1120
1118
1120
1119
1118
1119
1116
1116
1118
1118
1119
1115
1116
1114
1118
1113
1116
1115
1112
1115
1115
1113
1114
1113
1113
1111
1115
1115
1113
1112
1111
1114
1111
1108
1111
1112
1110
1110
1110
1111
1110
1112
1110
1111
1111
1107
1111
1108
1112
1111
1111
1110
1108
1107
1109
1108
1108
1107
1106
1107
1108
1108
1108
1107
1108
1108
1108
1107
1106
1105
1106
1105
1106
1107
1107
1103
1107
1104
1104
1103
1103
1105
1103
1104
1104
1102
1103
1104
1103
1104
1103
1105
1106
1104
1102
1103
1107
1103
1105
1102
1103
1101
1103
1100
1102
1102
1100
1105
1103
1099
1102
1102
1103
1100
1102
1103
1102
1102
1101
1103
1102
1100
1103
1100
1098
1103
1098
1100
1100
1099
1101
1097
1103
1101
1099
1099
1098
1101
1100
1100
1100
1099
1097
1099
1099
1099
1100
1097
1096
1099
1095
1097
1096
1097
1098
1096
1099
1098
1097
1096
1093
1099
1095
1096
1095
1098
1095
1097
1097
1096
1097
1096
1096
1099
1100
1100
1102
1100
1100
1099
1101
1100
1100
1101
1100
1105
1103
1103
1103
1103
1106
1105
1105
1107
1103
1108
1105
1106
1104
1107
1104
1106
1102
1105
1104
1106
1105
1108
1107
1106
1104
1105
1102
1106
1105
1108
1108
1105
1104
1105
1107
1105
1104
1105
1106
1107
1105
1104
1103
1103
1106
1104
1103
1103
1104
1105
1103
1102
1101
1103
1104
1104
1103
1103
1103
1105
1104
1100
1104
1103
1104
1104
1103
1100
1100
1102
1099
1102
1099
1101
1099
1101
1101
1099
1099
1100
1099
1097
1098
1097
1099
1096
1097
1095
1095
1095
1094
1096
1096
1098
1094
1094
1095
1091
1093
1095
1092
1095
1095
1095
1094
1094
1094
1094
1096
1092
1094
1094
1095
1093
1094
1089
1092
1095
1093
1091
1093
1090
1090
1091
1091
1091
1091
1090
1088
1090
1091
1090
1090
1089
1091
1090
1089
1089
1088
1088
1087
1090
1087
1088
1089
1089
1089
1089
1090
1087
1089
1089
1086
1088
1087
1088
1088
1084
1086
1086
1087
1085
1086
1086
1086
1086
1087
1083
1081
1084
1084
1083
1086
1083
1083
1082
1084
1083
1083
1083
1086
1084
1083
1084
1081
1083
1083
1084
1083
1080
1083
1080
1083
1084
1078
1082
1083
1081
1079
1081
1078
1080
1080
1082
1082
1081
1081
1083
1085
1085
1084
1084
1086
1084
1088
1086
1088
1090
1089
1086
1089
1087
1087
1087
1088
1089
1089
1088
1088
1089
1089
1089
1088
1085
1089
1088
1090
1088
1089
1089
1087
1088
1089
1087
1087
1089
1087
1085
1089
1085
1086
1084
1087
1086
1084
1086
1085
1084
1082
1084
1087
1082
1085
1085
1086
1082
1087
1086
1084
1084
1083
1084
1086
1081
1082
1084
1081
1082
1080
1084
1081
1081
1081
1078
1081
1082
1081
1083
1083
1078
1082
1080
1077
1079
1079
1078
1077
1078
1078
1078
1076
1075
1079
1075
1076
1073
1076
1076
1075
1076
1075
1075
1072
1074
1075
1075
1069
1068
1071
1071
1071
1071
1068
1071
1071
1069
1070
1070
1070
1068
1068
1067
1069
1065
1068
1068
1067
1068
1068
1069
1065
1067
1068
1068
1063
1066
1067
1067
1064
1067
1068
1063
1065
1070
1066
1066
1065
1064
1068
1066
1065
1062
1067
1066
1067
1064
1064
1062
1066
1063
1066
1062
1063
1062
1062
1064
1064
1062
1060
1063
1061
1063
1060
1063
1062
1062
1064
1064
1067
1067
1064
1068
1067
1067
1069
1068
1070
1069
1071
1072
1072
1075
1072
1073
1073
1071
1075
1075
1073
1071
1072
1072
1073
1072
1073
1073
1075
1075
1074
1074
1075
1075
1075
1075
1075
1076
1076
1075
1078
1075
1079
1072
1074
1076
1076
1075
1075
1076
1074
1075
1072
1074
1075
1072
1074
1075
1075
1074
1072
1072
1071
1072
1073
1073
1072
1072
1072
1069
1070
1070
1070
1072
1070
1065
1068
1068
1071
1067
1067
1068
1067
1064
1067
1067
1067
1066
1065
1064
1064
1063
1067
1062
1064
1061
1060
1063
1061
1062
1059
1063
1060
1061
1060
1063
1059
1059
1060
1060
1059
1059
1060
1056
1058
1057
1059
1057
1057
1055
1057
1056
1057
1058
1059
1058
1056
1059
1054
1059
1055
1057
1054
1054
1055
1054
1056
1054
1057
1054
1052
1056
1056
1054
1056
1054
1054
1055
1054
1051
1053
1051
1053
1056
1052
1052
1052
1055
1051
1051
1052
1051
1053
1051
1053
1049
1051
1049
1048
1049
1049
1052
1049
1052
1051
1050
1053
1050
1049
1049
1051
1047
1047
1049
1047
1049
1047
1048
1050
1047
1048
1049
1046
1047
1044
1047
1047
1048
1048
1046
1050
1046
1049
1049
1046
1047
1046
1047
1044
1046
1047
1046
1045
1048
1046
1046
1046
1045
1046
1047
1043
1046
1046
1045
1046
1048
1044
1043
1044
1043
1043
1044
1043
1042
1044
1044
1047
1043
1044
1043
1045
1045
1048
1044
1047
1049
1050
1050
1052
1051
1052
1051
1053
1054
1055
1055
1053
1053
1056
1054
1054
1055
1054
1057
1057
1057
1055
1056
1055
1058
1059
1055
1059
1057
1058
1056
1060
1059
1060
1057
1058
1058
1059
1054
1057
1057
1059
1060
1057
1055
1056
1059
1056
1058
1056
1055
1056
1056
1057
1053
1052
1055
1054
1054
1055
1053
1054
1052
1050
1055
1053
1052
1050
1052
1054
1051
1051
1048
1052
1050
1048
1048
1048
1047
1046
1050
1050
1047
1049
1046
1045
1048
1046
1045
1044
1047
1046
1046
1044
1044
1045
1041
1045
1043
1039
1046
1041
1043
1042
1042
1043
1042
1043
1041
1039
1039
1041
1040
1039
1039
1040
1039
1039
1039
1038
1039
1039
1038
1038
1036
1040
1038
1036
1039
1036
1036
1034
1035
1036
1035
1033
1036
1032
1033
1032
1036
1035
1036
1032
1037
1036
1036
1034
1034
1034
1034
1036
1034
1033
1031
1031
1033
1032
1031
1033
1031
1032
1033
1031
1033
1034
1030
1033
1031
1032
1032
1030
1030
1027
1030
1028
1031
1029
1032
1027
1027
1027
1030
1030
1029
1031
1029
1028
1028
1027
1029
1029
1027
1027
1029
1026
1029
1024
1029
1027
1029
1027
1024
1027
1024
1025
1024
1026
1025
1024
1026
1023
1025
1027
1027
1024
1023
1023
1022
1024
1024
1025
1024
1025
1024
1023
1025
1024
1026
1028
1028
1027
1031
1030
1028
1031
1032
1032
1033
1033
1037
1035
1036
1039
1036
1037
1035
1036
1035
1036
1036
1036
1036
1039
1037
1040
1039
1037
1038
1039
1040
1040
1039
1037
1041
1040
1041
1041
1038
1040
1039
1038
1038
1039
1039
1038
1038
1039
1035
1035
1033
1036
1035
1035
1033
1036
1034
1036
1035
1037
1032
1033
1033
1032
1033
1034
1035
1031
1031
1031
1030
1029
1032
1031
1032
1028
1031
1029
1028
1030
1031
1028
1031
1028
1030
1027
1026
1024
1025
1025
1025
1027
1022
1024
1024
1024
1024
1025
1022
1021
1025
1023
1023
1022
1023
1022
1022
1023
1020
1023
1021
1020
1022
1020
1021
1017
1018
1021
1021
1022
1021
1018
1018
1021
1021
1014
1018
1018
1018
1019
1016
1019
1019
1017
1016
1015
1016
1017
1016
1016
1018
1015
1016
1014
1019
1016
1013
1015
1016
1015
1015
1017
1014
1014
1012
1015
1013
1016
1014
1015
1015
1012
1016
1013
1012
1013
1011
1011
1010
1013
1013
1013
1011
1010
1012
1010
1011
1012
1011
1010
1011
1011
1013
1010
1009
1010
1012
1010
1008
1010
1010
1008
1011
1007
1011
1008
1009
1008
1008
1008
1008
1009
1008
1008
1007
1008
1008
1009
1010
1005
1008
1007
1007
1008
1007
1008
1007
1006
1009
1007
1006
1005
1009
1004
1004
1006
1004
1003
1007
1004
1005
1006
1009
1008
1007
1009
1009
1012
1009
1013
1012
1015
1014
1015
1015
1016
1016
1018
1019
1019
1017
1016
1019
1020
1021
1017
1017
1022
1019
1022
1020
1022
1019
1024
1026
1023
1024
1020
1020
1021
1024
1021
1022
1020
1025
1020
1021
1021
1019
1018
1022
1019
1018
1020
1021
1014
1017
1017
1017
1017
1015
1016
1015
1018
1017
1017
1015
1014
1014
1012
1016
1012
1012
1014
1014
1015
1012
1012
1014
1015
1013
1013
1010
1013
1010
1013
1008
1011
1011
1010
1011
1008
1008
1008
1008
1007
1009
1007
1007
1009
1006
1006
1007
1006
1005
1004
1004
1006
1005
1005
1004
1002
1004
1003
1005
1003
1002
1000
999
1004
1001
1003
1002
1004
1000
1001
1000
1002
1001
1000
1004
996
1000
1001
1000
1000
999
998
996
999
998
1000
998
999
997
1000
999
998
999
998
996
998
999
999
995
996
999
998
998
997
998
996
997
996
996
998
993
995
995
997
995
998
995
995
994
994
992
991
995
996
993
993
991
994
994
993
992
996
992
995
993
992
994
992
993
993
993
993
993
993
992
993
991
992
992
991
994
992
991
991
992
991
992
992
992
988
991
991
992
992
991
992
993
993
992
995
994
995
997
997
998
998
999
1000
1001
999
1002
1004
1003
1004
1003
1003
1001
1003
1003
1006
1003
1006
1004
1004
1005
1005
1005
1009
1002
1006
1005
1005
1004
1004
1005
1005
1002
1003
1003
1002
1002
1005
1004
1000
1001
997
999
999
1001
999
997
999
998
1000
996
998
998
999
997
998
998
996
996
993
993
994
997
993
997
992
997
992
993
995
995
995
994
992
992
991
993
993
989
992
989
990
989
988
988
990
987
987
988
988
990
989
988
985
988
987
984
985
986
984
984
986
985
984
985
985
984
981
982
982
984
983
983
985
983
987
978
982
981
981
980
985
982
984
979
981
981
981
978
980
982
980
979
979
978
979
980
981
980
979
981
980
979
976
978
980
978
977
977
979
977
976
978
972
978
977
979
978
979
977
976
976
975
975
976
977
975
976
974
975
976
977
975
974
972
972
972
971
975
975
975
973
974
972
975
975
976
976
976
978
980
978
980
980
981
984
987
984
983
987
987
987
988
989
987
989
990
987
988
989
989
986
992
990
991
991
988
991
991
990
990
991
988
990
992
991
990
987
985
988
984
986
989
987
987
985
984
984
985
983
984
983
986
983
985
983
982
982
980
985
983
984
980
981
980
982
980
982
984
982
980
983
978
979
981
979
976
977
978
980
977
978
977
975
978
977
976
976
973
975
974
975
975
973
973
974
971
972
971
974
973
968
971
971
971
969
971
969
971
971
971
968
969
972
970
970
968
968
968
969
966
969
970
967
965
969
964
966
965
967
966
964
968
966
966
964
965
967
964
962
966
962
963
964
965
965
967
963
962
963
962
960
963
963
960
965
963
962
963
961
962
964
960
961
960
960
961
961
960
960
960
962
961
964
958
960
961
960
960
960
957
959
960
961
958
959
960
957
958
957
959
960
956
958
961
957
959
958
958
958
959
955
956
956
959
959
956
959
959
958
957
957
957
961
956
963
961
960
963
964
965
966
965
967
968
971
969
971
969
971
971
969
972
973
972
974
972
972
972
974
975
974
974
975
974
974
974
973
974
972
973
973
971
972
972
972
971
968
972
971
969
971
968
970
969
972
970
967
968
968
966
969
967
967
970
967
967
968
967
967
968
966
967
967
964
966
967
966
965
965
966
964
964
964
965
963
963
964
963
961
963
961
961
963
961
961
961
960
962
961
960
959
962
959
957
960
958
956
956
956
956
957
958
958
955
957
956
960
955
956
952
954
956
954
953
954
953
951
954
950
953
954
951
949
953
952
952
953
950
950
951
950
952
950
948
954
953
952
950
955
951
952
950
948
950
950
948
948
946
948
949
948
951
948
948
945
946
948
948
949
946
946
948
947
949
949
945
947
948
947
946
944
943
948
945
945
946
946
946
945
946
944
944
943
944
945
945
944
943
942
943
943
944
943
943
943
940
943
942
943
942
939
942
942
943
944
942
942
946
945
947
945
945
950
949
950
951
952
952
955
955
953
953
955
956
954
955
956
958
956
959
957
959
959
956
956
958
956
955
958
958
953
956
955
954
957
955
954
952
953
952
952
954
952
951
951
951
949
950
949
951
950
950
951
952
951
949
950
946
948
948
950
948
949
946
947
948
947
946
948
948
944
945
948
944
944
945
944
941
940
943
943
945
943
942
942
945
940
938
939
943
940
940
939
940
939
938
939
941
938
938
939
938
935
935
935
936
935
934
936
935
935
935
934
937
936
934
935
936
932
934
932
934
936
932
935
929
931
931
932
933
932
934
930
931
931
933
931
933
932
930
931
931
930
929
930
928
931
930
932
929
932
928
929
927
929
928
931
928
927
927
927
930
926
926
929
930
928
924
926
926
929
926
930
928
928
927
928
928
931
928
932
932
932
935
937
935
934
938
939
940
940
940
940
941
943
940
940
942
943
943
944
943
944
944
940
942
944
944
942
944
944
944
942
947
945
938
942
939
941
940
939
939
941
939
937
939
939
936
936
937
936
938
936
935
933
937
937
935
935
937
935
935
936
937
936
933
933
936
932
934
931
934
932
934
934
931
928
932
931
932
931
931
932
929
928
929
928
931
930
927
928
927
927
926
928
927
928
924
927
926
927
924
924
925
924
922
924
921
921
927
923
923
923
920
922
920
922
920
919
920
919
921
919
921
918
923
919
920
920
919
918
920
916
918
918
919
917
917
917
920
919
918
915
918
916
920
919
917
918
915
915
917
916
917
914
915
916
917
915
917
914
917
916
914
913
914
913
914
913
915
914
916
914
915
914
914
916
913
913
915
911
914
913
914
914
916
918
918
918
918
922
922
923
924
923
925
922
924
926
929
928
929
927
927
929
929
928
930
929
930
928
930
931
928
931
929
930
930
929
929
929
931
928
930
928
927
927
927
927
924
927
926
924
921
924
926
925
924
927
927
924
923
924
924
923
923
923
924
924
921
924
921
922
921
922
919
922
919
924
920
923
920
920
920
918
919
918
920
919
918
918
915
916
916
916
915
914
914
913
915
916
916
913
915
915
911
912
912
912
913
911
911
912
908
910
908
911
910
912
910
912
908
907
909
907
907
908
906
909
908
907
905
908
908
906
905
906
906
903
903
906
903
905
904
903
903
903
906
903
901
902
905
905
903
901
904
902
901
901
901
903
902
902
901
899
899
899
899
900
901
902
900
899
899
900
899
899
903
899
899
899
899
897
898
899
898
896
898
897
899
899
896
898
898
897
902
902
902
903
902
902
905
907
905
910
908
909
910
914
914
911
911
913
911
915
912
916
913
914
915
916
916
915
915
916
914
916
914
914
913
915
912
912
912
913
910
912
910
911
912
912
907
907
911
909
906
906
908
907
911
909
906
908
910
908
908
909
907
909
906
907
905
907
905
907
905
903
903
904
903
902
903
902
904
902
902
901
903
904
899
900
902
899
902
900
899
899
900
898
897
900
900
899
899
896
895
894
898
894
895
895
897
896
894
893
893
894
897
892
893
895
895
896
893
893
891
889
892
892
892
889
889
891
892
891
892
890
892
888
890
889
890
890
889
884
889
889
888
888
888
889
887
887
888
891
885
887
887
886
889
886
886
888
884
884
884
885
886
884
884
886
884
884
887
885
883
888
884
883
885
887
884
885
882
880
884
886
882
885
882
883
883
885
889
889
888
888
890
890
894
892
892
895
894
898
899
898
899
897
897
902
900
899
903
900
900
901
897
901
900
903
900
901
902
897
901
901
901
899
899
900
899
896
899
900
894
898
894
898
895
897
898
900
895
897
895
894
894
895
898
894
896
895
890
897
894
893
892
894
894
891
891
892
892
893
893
891
892
890
890
893
890
891
888
888
892
888
889
888
888
888
888
891
884
887
887
887
883
888
886
884
883
886
884
885
881
883
885
885
883
884
882
883
881
882
882
884
879
883
882
881
879
880
880
880
881
880
877
878
880
878
878
876
878
879
879
880
878
879
874
880
878
878
877
875
876
876
877
878
874
876
875
871
874
876
875
874
873
873
872
872
877
875
876
875
872
872
874
873
877
878
876
875
879
881
879
879
884
886
884
886
887
886
886
886
886
889
888
887
890
890
888
887
887
891
886
888
889
887
888
889
889
887
887
887
886
884
884
886
888
883
884
881
886
882
884
883
881
886
882
886
883
885
881
882
879
882
880
881
879
880
881
882
881
878
880
880
880
881
876
881
878
880
880
876
878
877
877
876
877
874
874
874
876
876
875
872
875
875
873
873
874
872
873
876
870
874
873
871
869
871
870
870
873
869
871
871
868
871
868
868
868
870
867
867
866
867
866
866
865
864
865
866
867
864
864
865
864
863
862
861
867
862
863
861
861
863
861
864
860
860
861
860
858
859
863
862
862
861
863
860
861
859
860
859
863
863
864
867
868
867
869
868
869
872
872
873
875
876
876
877
876
875
877
877
874
877
876
876
877
877
876
877
876
876
876
875
873
878
876
875
875
870
871
870
872
873
873
875
873
869
871
872
872
873
872
872
871
871
872
870
870
870
872
870
871
871
868
869
869
870
871
870
867
870
866
868
866
866
866
866
866
865
864
866
864
865
865
864
865
863
864
864
863
863
864
864
862
863
861
860
860
858
862
859
859
860
860
860
859
859
860
859
856
859
859
857
858
858
856
856
857
855
857
857
853
853
856
854
852
855
854
854
853
852
855
854
853
854
853
856
851
853
852
852
851
849
850
849
848
851
851
851
850
850
848
847
849
849
846
848
847
850
847
847
847
848
844
847
847
848
846
844
846
847
848
847
847
847
847
846
849
846
848
850
853
852
855
853
856
859
858
857
860
864
859
862
862
860
864
862
863
865
864
865
863
864
864
865
863
865
863
864
865
863
865
863
864
861
859
864
860
863
862
861
862
860
863
861
861
862
860
861
857
864
859
860
861
860
862
858
860
859
859
857
857
856
856
857
858
859
856
858
854
855
853
856
857
856
856
855
854
857
852
853
856
853
851
854
851
854
850
853
852
851
850
851
850
848
848
848
850
851
851
850
850
849
848
851
849
849
847
849
848
848
845
847
847
845
846
848
845
844
844
847
842
844
846
843
844
845
841
844
840
842
844
844
840
841
840
840
840
840
839
839
839
838
839
838
840
835
839
837
839
838
840
839
838
836
838
839
838
839
837
837
836
835
837
836
831
834
836
836
836
832
835
833
836
836
836
837
838
842
839
842
844
847
847
847
846
847
849
847
848
851
850
847
849
850
851
849
852
853
852
848
853
850
852
852
852
851
850
850
851
849
849
849
847
847
846
847
848
845
847
846
848
848
847
846
848
845
846
843
847
848
846
847
845
847
846
846
845
844
845
843
845
845
844
845
844
840
844
844
843
844
841
841
841
839
839
841
841
841
839
839
838
841
836
839
838
835
835
837
836
836
841
838
836
836
833
836
834
836
835
835
838
832
835
834
833
833
832
834
829
832
831
833
830
830
832
833
831
831
828
831
830
830
831
831
828
830
827
826
828
827
824
825
828
827
827
829
825
826
827
825
825
822
824
824
824
824
824
822
825
823
823
825
824
826
822
823
824
823
824
823
823
820
824
825
826
827
828
830
832
831
835
835
833
836
838
834
838
840
837
840
836
839
838
839
838
839
840
839
838
842
841
839
840
839
839
837
839
838
839
838
834
835
836
836
832
832
833
837
833
838
834
835
832
834
835
834
835
834
835
835
832
838
835
832
832
829
833
831
832
831
835
831
832
831
831
829
830
828
828
829
827
829
831
828
828
828
826
827
828
824
829
825
827
825
824
824
825
824
826
823
825
827
824
827
824
823
823
824
821
823
822
821
823
821
824
823
820
822
819
822
822
821
821
820
818
819
818
816
818
817
818
817
817
818
817
817
816
817
816
816
815
815
817
813
816
812
816
812
815
816
816
812
811
813
812
813
812
814
812
811
813
811
811
810
809
812
812
811
810
811
809
808
812
810
813
813
814
817
819
817
818
821
822
823
822
824
823
827
825
830
827
828
827
828
827
828
828
826
827
829
829
829
827
828
825
824
821
827
824
826
824
825
824
825
824
824
823
824
822
824
823
821
825
824
825
824
826
824
825
824
825
822
823
823
822
824
821
820
821
818
821
818
819
823
821
817
819
820
819
816
816
819
817
817
816
817
816
816
816
813
818
816
815
815
818
816
815
815
813
815
816
815
816
813
814
812
815
812
812
814
814
812
812
811
811
810
813
810
810
809
809
809
807
808
810
811
808
809
808
807
807
808
808
806
806
806
805
805
807
804
806
805
805
804
803
806
804
803
803
805
803
801
804
805
800
801
803
801
801
800
801
800
802
799
798
801
801
802
803
803
804
805
808
809
809
810
810
812
809
816
814
813
814
813
816
814
815
812
814
816
815
816
815
811
816
814
814
816
813
813
814
811
813
812
809
812
809
810
811
813
808
812
811
811
809
809
812
809
807
809
812
808
810
809
807
810
808
808
805
809
807
807
806
807
806
804
806
807
805
806
806
806
805
804
804
802
806
803
803
802
805
803
801
804
799
801
801
799
802
800
801
801
799
798
796
799
799
799
799
797
796
799
797
800
798
793
799
797
800
798
798
796
796
796
796
795
795
796
793
794
794
792
794
793
793
792
791
793
794
790
791
791
791
791
791
792
789
790
793
795
792
794
800
797
798
801
800
801
804
804
805
806
803
805
804
805
805
804
806
803
805
804
804
805
804
805
800
801
805
801
802
802
800
802
803
802
800
803
798
799
798
801
800
803
800
796
800
800
800
801
800
801
799
800
801
800
798
800
801
798
799
799
799
798
797
796
796
799
796
795
797
796
794
796
796
795
794
797
793
794
792
792
790
793
796
793
792
794
791
794
792
794
792
792
790
792
791
792
791
793
790
790
788
791
789
788
790
790
788
787
789
788
786
787
787
786
786
789
786
782
785
787
781
785
784
786
782
784
784
785
782
783
786
781
785
783
783
782
780
783
782
780
783
782
783
783
781
777
780
780
777
780
783
782
784
785
785
785
787
789
788
792
792
792
794
791
798
796
794
795
795
797
792
797
793
798
798
796
798
795
796
795
794
796
795
795
797
792
796
794
791
791
795
795
792
792
792
794
791
792
790
790
792
790
793
795
788
792
792
792
791
793
791
791
790
792
792
793
791
791
792
789
790
790
788
792
790
789
788
786
787
785
788
790
788
787
785
784
787
785
785
785
786
785
786
785
786
782
786
781
784
782
782
780
785
783
782
780
783
783
783
783
781
781
780
782
777
782
778
783
779
780
779
779
778
780
779
780
775
775
776
775
777
778
776
776
776
776
775
775
772
772
774
771
771
776
775
774
775
772
774
773
772
775
774
774
776
776
780
782
780
784
785
783
782
784
783
784
784
785
786
785
786
787
784
783
784
784
783
784
783
782
782
780
783
782
784
783
778
780
782
780
782
779
783
781
782
780
784
783
778
779
782
781
781
779
782
779
780
779
780
780
778
777
780
778
778
776
776
779
776
779
775
774
779
777
775
774
777
773
772
773
776
774
773
772
775
773
773
774
774
773
771
770
773
772
771
769
772
771
772
770
771
769
771
770
770
768
767
770
766
767
766
767
769
768
766
768
766
769
765
767
765
762
763
764
763
764
765
766
763
762
763
761
764
760
764
761
761
764
762
763
765
764
764
764
768
768
770
771
771
774
772
772
775
772
777
776
772
774
773
776
775
777
773
773
772
778
775
774
776
773
775
771
773
772
772
772
771
773
775
773
771
774
774
770
775
772
771
768
770
770
773
770
770
772
771
771
769
769
767
769
770
773
770
768
770
769
770
768
771
768
769
767
768
767
769
767
768
768
764
766
767
763
767
767
767
766
765
763
766
763
764
766
764
765
767
766
763
764
763
765
763
764
763
762
763
763
759
762
761
759
761
762
760
761
760
758
760
758
758
758
758
759
759
758
759
757
757
757
756
759
758
758
759
757
756
755
755
757
755
755
751
752
756
753
756
753
753
754
758
759
760
760
761
764
761
765
762
767
763
766
766
765
766
768
769
766
764
767
767
766
768
766
763
765
765
765
765
761
763
761
764
761
764
761
762
763
760
763
763
761
761
764
762
763
762
759
762
762
762
762
761
761
762
761
763
761
761
758
759
759
758
758
759
756
759
755
759
758
757
757
758
755
755
757
756
758
755
755
755
754
754
755
756
756
755
754
751
754
752
752
751
752
751
750
752
752
754
752
751
750
753
750
753
751
751
750
750
750
749
748
750
749
748
748
750
747
748
748
748
745
747
747
747
746
745
744
745
745
743
748
745
743
743
743
746
745
741
743
744
744
748
752
747
752
752
752
752
755
758
754
755
755
757
759
758
759
756
755
759
756
755
759
755
757
755
758
754
755
756
753
755
751
753
752
751
752
753
753
751
751
751
751
753
753
751
752
751
751
751
752
752
753
752
752
754
752
750
752
751
752
749
750
751
749
748
748
748
747
750
748
746
746
749
749
748
747
745
748
747
748
747
745
745
744
743
744
747
744
745
745
747
744
746
744
744
743
747
743
742
743
743
742
743
740
741
741
739
739
741
739
740
740
740
740
737
740
740
740
737
738
738
738
736
737
735
737
737
735
734
735
735
734
736
734
732
736
734
734
735
734
734
733
735
733
735
734
736
732
734
737
739
737
742
743
744
743
745
744
744
746
746
745
745
750
750
746
749
747
747
749
749
745
747
747
748
747
745
744
745
745
745
741
748
744
747
742
745
743
743
742
743
744
744
743
744
742
743
744
745
743
744
744
743
741
745
744
744
742
742
742
744
741
742
742
741
739
740
742
742
740
740
737
739
739
738
740
737
740
737
741
737
737
736
740
738
736
739
736
740
736
735
738
734
734
737
735
736
736
735
736
734
732
734
734
733
734
731
735
732
732
732
733
732
731
732
730
731
730
731
734
731
729
732
730
732
728
729
730
729
728
727
728
729
725
728
728
729
727
731
729
732
732
729
736
734
736
736
738
737
739
738
735
736
738
738
736
738
737
738
735
737
738
738
737
738
735
734
735
735
734
734
734
732
732
733
734
734
734
733
733
735
735
736
734
732
734
734
733
732
736
735
731
734
731
730
732
734
732
731
734
732
732
731
730
730
729
732
727
728
727
728
729
729
727
728
728
728
729
730
727
727
725
726
727
727
728
728
728
723
729
724
722
725
727
724
724
725
726
724
723
722
723
723
724
723
723
724
724
723
722
722
722
721
721
719
719
721
721
722
719
720
720
720
719
718
720
715
720
719
719
717
716
716
718
718
721
721
722
722
724
724
724
730
728
727
728
729
728
730
728
728
729
728
730
731
730
730
728
730
729
726
730
728
728
729
726
727
727
727
727
726
724
726
726
729
726
727
726
726
727
723
726
726
724
725
725
726
723
722
724
723
724
723
725
725
723
723
723
723
722
722
722
723
721
724
720
722
721
719
720
721
720
723
721
722
721
719
721
720
720
721
718
721
718
720
721
718
716
717
719
715
718
718
717
717
719
715
716
718
716
718
718
716
715
716
717
712
714
715
714
715
714
714
715
714
715
715
711
711
713
713
711
712
711
711
711
711
712
713
711
710
711
709
711
712
713
711
715
718
719
719
719
720
722
716
720
721
724
719
723
721
723
722
723
721
722
720
722
722
721
721
721
719
720
722
718
717
719
719
719
721
718
714
717
719
718
720
719
721
720
721
720
720
719
718
718
717
717
716
718
716
714
719
716
716
718
718
714
713
716
717
715
712
715
714
712
714
714
714
713
712
711
713
714
713
712
710
714
712
714
712
711
712
713
712
714
707
711
710
709
707
708
710
710
710
710
707
711
707
708
710
708
705
708
705
705
706
704
707
709
707
705
707
705
706
705
702
705
704
704
704
705
704
702
702
703
703
703
702
701
703
705
706
705
708
708
705
712
709
709
710
710
711
710
713
712
714
715
715
710
715
712
710
710
711
713
713
711
708
707
711
710
709
711
708
710
708
707
709
708
707
711
711
710
708
710
707
710
710
707
707
711
707
707
710
708
706
706
707
706
707
709
707
707
706
707
706
705
705
706
704
703
705
705
703
702
703
702
705
700
704
701
700
702
699
698
699
699
700
697
698
697
696
696
696
697
694
695
695
696
694
693
693
692
695
690
692
694
691
692
689
690
687
690
688
689
685
686
688
685
686
684
685
685
679
684
684
681
682
679
678
682
680
681
679
682
678
679
679
677
676
677
677
678
678
678
678
681
680
683
681
682
682
684
684
684
685
682
681
684
679
685
679
681
681
681
679
680
680
679
678
676
674
678
676
677
674
672
673
674
672
674
674
673
674
672
672
673
672
672
670
672
671
671
675
670
670
669
668
669
668
666
665
667
666
666
665
666
663
664
665
662
659
663
662
661
660
661
661
661
659
662
660
660
660
656
657
656
656
659
658
656
656
659
658
654
655
656
657
655
650
654
651
656
654
652
654
653
651
652
652
651
652
647
649
649
648
648
647
648
648
647
647
647
645
647
647
640
644
642
641