1648
1649
1644
1650
1648
1649
1650
1649
1651
1651
1649
1648
1649
1650
1648
1652
1652
1649
1651
1650
1652
1649
1651
1647
1652
1649
1651
1649
1649
1648
1650
1651
1647
1648
1648
1648
1647
1648
1649
1649
1648
1648
1646
1648
1648
1646
1650
1648
1648
1650
1648
1648
1648
1648
1650
1648
1648
1646
1648
1646
1651
1651
1644
1646
1648
1647
1648
1647
1646
1648
1648
1649
1646
1648
1648
1649
1651
1647
1649
1648
1648
1647
1645
1649
1649
1648
1648
1648
1646
1648
1648
1648
1647
1648
1647
1648
1645
1647
1643
1648
1647
1648
1646
1644
1648
1649
1647
1646
1648
1647
1650
1645
1648
1646
1648
1644
1648
1644
1647
1647
1647
1645
1646
1646
1646
1644
1648
1644
1648
1646
1647
1646
1647
1648
1650
1647
1648
1646
1647
1645
1648
1651
1644
1644
1649
1648
1647
1649
1645
1649
1647
1644
1649
1646
1648
1648
1647
1651
1648
1648
1649
1647
1648
1647
1648
1649
1649
1644
1648
1647
1648
1648
1648
1648
1649
1646
1649
1648
1646
1647
1646
1648
1648
1649
1649
1648
1650
1648
1647
1647
1647
1647
1649
1649
1648
1649
1649
1651
1648
1649
1651
1649
1648
1647
1649
1648
1652
1648
1647
1647
1647
1649
1649
1648
1645
1649
1652
1650
1652
1651
1649
1648
1652
1651
1649
1647
1647
1649
1648
1651
1649
1648
1648
1648
1648
1647
1647
1649
1648
1651
1650
1650
1649
1647
1650
1648
1649
1647
1652
1648
1649
1649
1648
1651
1649
1648
1650
1647
1648
1649
1648
1649
1650
1651
1649
1648
1649
1647
1648
1649
1649
1651
1648
1649
1647
1644
1649
1647
1647
1650
1647
1648
1647
1648
1648
1649
1646
1646
1648
1646
1647
1650
1645
1648
1646
1648
1649
1646
1646
1647
1647
1647
1645
1644
1645
1648
1648
1646
1648
1648
1645
1644
1643
1649
1644
1646
1645
1646
1647
1646
1644
1644
1644
1646
1644
1643
1644
1644
1647
1646
1646
1644
1644
1646
1644
1644
1646
1646
1642
1643
1643
1643
1646
1640
1640
1641
1642
1641
1643
1641
1644
1644
1643
1640
1643
1642
1639
1644
1640
1643
1642
1643
1642
1644
1639
1640
1640
1640
1643
1640
1643
1640
1642
1639
1640
1642
1641
1639
1641
1640
1640
1642
1640
1643
1642
1641
1640
1639
1643
1640
1642
1642
1640
1639
1641
1639
1638
1639
1639
1642
1642
1640
1640
1642
1641
1640
1636
1639
1638
1640
1636
1638
1639
1640
1640
1640
1640
1639
1639
1639
1639
1642
1643
1641
1638
1639
1637
1639
1639
1640
1639
1641
1640
1642
1641
1639
1641
1639
1639
1639
1641
1639
1641
1639
1640
1639
1640
1639
1640
1638
1641
1639
1639
1640
1640
1639
1639
1639
1635
1639
1641
1640
1638
1641
1639
1640
1641
1639
1639
1641
1638
1639
1638
1637
1637
1636
1637
1638
1636
1638
1636
1638
1639
1636
1637
1639
1638
1640
1635
1639
1639
1639
1641
1636
1635
1637
1638
1639
1636
1636
1638
1636
1638
1638
1636
1636
1638
1638
1637
1635
1636
1636
1634
1635
1635
1638
1637
1636
1636
1636
1637
1635
1632
1635
1634
1637
1635
1637
1638
1636
1636
1635
1634
1635
1637
1635
1638
1632
1636
1635
1634
1635
1635
1636
1633
1635
1636
1637
1636
1635
1635
1635
1635
1633
1635
1636
1635
1632
1632
1635
1633
1633
1637
1634
1635
1634
1632
1635
1636
1632
1634
1633
1633
1632
1637
1632
1635
1635
1635
1635
1634
1633
1633
1633
1636
1631
1635
1632
1636
1632
1633
1633
1633
1632
1634
1633
1633
1635
1634
1631
1631
1631
1636
1632
1632
1633
1633
1635
1634
1633
1634
1635
1636
1633
1634
1631
1632
1634
1632
1635
1635
1632
1634
1631
1632
1635
1634
1631
1631
1631
1631
1633
1631
1632
1632
1631
1635
1630
1633
1632
1632
1631
1630
1631
1631
1629
1632
1631
1633
1635
1630
1633
1630
1631
1632
1632
1629
1629
1632
1631
1631
1629
1630
1631
1632
1631
1631
1630
1632
1634
1631
1632
1630
1632
1632
1630
1631
1635
1631
1629
1630
1632
1631
1633
1630
1631
1633
1632
1631
1631
1630
1631
1632
1629
1630
1628
1631
1631
1629
1631
1630
1630
1631
1630
1629
1631
1630
1632
1628
1629
1630
1629
1630
1628
1631
1628
1629
1630
1629
1629
1629
1628
1628
1628
1630
1628
1628
1628
1630
1629
1628
1631
1629
1629
1628
1628
1631
1628
1630
1628
1631
1628
1631
1628
1631
1628
1627
1631
1627
1627
1630
1630
1628
1627
1628
1629
1631
1628
1628
1624
1628
1627
1629
1627
1629
1627
1628
1628
1628
1630
1628
1623
1628
1627
1625
1628
1625
1630
1629
1628
1625
1629
1625
1625
1628
1628
1627
1628
1627
1627
1626
1624
1631
1627
1627
1624
1628
1627
1624
1628
1628
1624
1625
1628
1626
1628
1625
1625
1624
1626
1627
1627
1625
1627
1628
1628
1626
1625
1627
1625
1626
1625
1624
1623
1628
1627
1627
1624
1623
1624
1628
1624
1624
1624
1626
1624
1624
1625
1628
1625
1625
1623
1623
1627
1624
1625
1623
1626
1624
1627
1625
1623
1623
1624
1627
1625
1623
1624
1624
1624
1624
1625
1627
1624
1627
1623
1624
1624
1623
1624
1624
1625
1625
1623
1624
1628
1624
1624
1624
1626
1625
1624
1625
1622
1622
1624
1627
1623
1620
1622
1623
1620
1624
1622
1624
1626
1625
1624
1624
1624
1622
1624
1622
1623
1622
1623
1622
1623
1624
1623
1623
1624
1624
1622
1620
1620
1619
1622
1622
1621
1624
1622
1621
1623
1624
1625
1624
1623
1619
1622
1624
1622
1622
1620
1620
1621
1624
1620
1623
1621
1621
1621
1619
1619
1623
1621
1623
1622
1623
1620
1620
1620
1621
1617
1621
1621
1619
1622
1621
1621
1620
1625
1619
1621
1619
1620
1620
1619
1619
1617
1619
1619
1621
1620
1619
1620
1619
1619
1621
1618
1621
1618
1618
1620
1619
1622
1618
1620
1620
1617
1620
1617
1617
1620
1621
1617
1623
1619
1617
1616
1621
1616
1622
1616
1617
1619
1617
1617
1619
1619
1617
1619
1620
1617
1617
1618
1617
1619
1618
1619
1616
1621
1618
1616
1619
1617
1617
1617
1621
1619
1617
1617
1619
1619
1618
1621
1616
1617
1617
1615
1619
1617
1616
1619
1619
1616
1616
1616
1616
1617
1615
1614
1617
1617
1614
1617
1617
1617
1615
1617
1615
1616
1616
1616
1616
1616
1616
1615
1617
1617
1616
1614
1616
1616
1615
1615
1614
1617
1615
1619
1616
1615
1615
1615
1616
1614
1615
1617
1617
1613
1617
1615
1614
1614
1615
1617
1615
1614
1615
1615
1615
1616
1612
1617
1615
1615
1614
1617
1611
1614
1614
1615
1614
1613
1612
1612
1610
1614
1614
1615
1613
1612
1615
1614
1614
1613
1615
1617
1609
1613
1614
1612
1614
1612
1616
1612
1611
1612
1615
1614
1612
1612
1613
1611
1611
1612
1612
1611
1611
1609
1614
1612
1616
1612
1606
1612
1610
1613
1608
1611
1612
1612
1613
1609
1610
1607
1612
1608
1611
1611
1613
1609
1612
1613
1610
1609
1608
1610
1611
1609
1610
1610
1610
1610
1612
1609
1610
1608
1611
1609
1607
1611
1606
1608
1610
1611
1609
1612
1611
1612
1607
1607
1608
1611
1608
1608
1608
1611
1607
1608
1609
1608
1611
1607
1608
1608
1607
1607
1606
1607
1609
1605
1609
1606
1610
1611
1608
1607
1608
1606
1609
1609
1611
1609
1610
1607
1607
1608
1609
1607
1608
1606
1608
1610
1606
1609
1607
1609
1605
1608
1609
1606
1607
1609
1608
1606
1607
1604
1606
1602
1606
1607
1606
1607
1607
1606
1605
1607
1608
1607
1607
1603
1604
1603
1607
1605
1607
1609
1605
1606
1606
1607
1606
1603
1606
1606
1605
1607
1608
1604
1607
1606
1605
1604
1603
1607
1603
1603
1605
1606
1604
1604
1604
1602
1603
1606
1605
1602
1607
1604
1605
1604
1602
1603
1604
1602
1605
1602
1606
1605
1604
1605
1603
1603
1606
1605
1604
1602
1605
1602
1601
1602
1606
1603
1603
1603
1604
1600
1604
1602
1604
1601
1601
1605
1601
1607
1604
1602
1604
1603
1603
1603
1604
1603
1603
1604
1604
1604
1602
1604
1604
1603
1605
1602
1602
1603
1603
1604
1601
1599
1603
1603
1603
1603
1604
1604
1603
1603
1606
1602
1603
1604
1604
1603
1603
1602
1605
1602
1607
1607
1603
1601
1607
1603
1607
1606
1605
1607
1604
1606
1604
1607
1605
1607
1604
1605
1608
1607
1605
1603
1608
1610
1607
1609
1608
1609
1604
1609
1611
1609
1608
1608
1606
1610
1608
1610
1609
1609
1609
1611
1609
1608
1609
1604
1607
1607
1608
1608
1606
1608
1607
1606
1606
1606
1605
1606
1606
1603
1607
1603
1603
1603
1604
1605
1604
1602
1602
1603
1601
1603
1600
1602
1598
1600
1601
1600
1599
1599
1600
1603
1601
1599
1600
1601
1599
1597
1597
1600
1601
1601
1601
1599
1599
1602
1599
1600
1597
1599
1600
1596
1599
1596
1596
1598
1598
1599
1601
1600
1598
1599
1596
1597
1598
1599
1599
1599
1596
1599
1598
1598
1598
1596
1596
1596
1600
1603
1599
1596
1601
1598
1599
1594
1596
1601
1594
1599
1596
1598
1597
1596
1595
1596
1599
1598
1595
1595
1596
1595
1596
1594
1598
1594
1594
1597
1591
1594
1595
1594
1594
1592
1594
1592
1592
1594
1592
1593
1594
1591
1593
1593
1595
1593
1595
1594
1594
1593
1591
1593
1593
1592
1592
1593
1593
1590
1594
1593
1593
1593
1592
1593
1593
1593
1593
1594
1592
1594
1591
1593
1592
1592
1590
1592
1592
1592
1594
1591
1590
1590
1593
1592
1592
1591
1592
1591
1590
1593
1592
1589
1592
1591
1590
1590
1590
1592
1590
1590
1592
1590
1591
1588
1590
1591
1591
1590
1590
1591
1590
1591
1590
1588
1588
1588
1592
1590
1587
1590
1589
1587
1590
1588
1590
1587
1587
1588
1588
1588
1591
1588
1587
1588
1588
1587
1590
1588
1586
1585
1587
1587
1586
1587
1590
1589
1590
1587
1584
1590
1587
1588
1587
1586
1587
1587
1585
1587
1585
1584
1583
1587
1589
1589
1588
1589
1589
1586
1587
1587
1587
1584
1584
1584
1587
1585
1584
1584
1585
1586
1585
1587
1587
1585
1585
1583
1587
1585
1587
1589
1588
1584
1584
1584
1587
1586
1583
1586
1584
1585
1585
1588
1585
1584
1583
1585
1583
1586
1583
1582
1586
1584
1584
1584
1584
1584
1585
1583
1585
1582
1580
1584
1586
1585
1584
1584
1582
1582
1582
1584
1584
1584
1583
1583
1583
1581
1584
1581
1582
1582
1584
1582
1585
1582
1582
1584
1583
1579
1582
1584
1583
1585
1582
1580
1583
1583
1581
1584
1583
1584
1580
1581
1580
1580
1580
1580
1583
1581
1578
1576
1581
1582
1580
1582
1580
1582
1578
1580
1581
1577
1579
1581
1580
1579
1580
1581
1580
1578
1582
1581
1577
1579
1581
1579
1580
1581
1579
1579
1581
1583
1579
1579
1580
1578
1577
1579
1576
1576
1579
1579
1578
1572
1577
1577
1579
1579
1578
1579
1577
1578
1580
1577
1574
1578
1577
1579
1579
1576
1576
1575
1579
1577
1576
1575
1576
1577
1576
1576
1579
1575
1578
1579
1574
1576
1577
1575
1576
1577
1576
1574
1576
1574
1575
1576
1575
1575
1573
1574
1574
1574
1574
1574
1574
1575
1576
1575
1576
1575
1574
1574
1575
1575
1577
1576
1572
1575
1575
1577
1575
1574
1574
1573
1575
1575
1573
1575
1576
1576
1576
1575
1573
1574
1574
1573
1575
1572
1576
1574
1573
1570
1572
1574
1577
1574
1577
1576
1572
1575
1570
1573
1575
1575
1574
1572
1573
1569
1570
1573
1571
1571
1573
1569
1574
1573
1571
1572
1574
1572
1574
1571
1571
1571
1572
1571
1573
1574
1572
1569
1571
1569
1571
1572
1571
1570
1572
1573
1570
1572
1571
1570
1568
1571
1569
1571
1567
1569
1570
1571
1569
1572
1568
1570
1572
1567
1569
1570
1569
1569
1568
1571
1567
1571
1569
1571
1568
1569
1569
1569
1568
1566
1569
1569
1568
1569
1569
1570
1567
1568
1568
1568
1569
1571
1569
1567
1568
1569
1568
1567
1568
1566
1568
1568
1567
1567
1571
1567
1567
1568
1567
1567
1568
1568
1567
1567
1569
1567
1570
1565
1564
1567
1566
1568
1567
1569
1566
1566
1568
1568
1567
1566
1568
1567
1565
1567
1567
1568
1564
1567
1567
1564
1563
1567
1564
1567
1567
1567
1565
1565
1567
1565
1567
1565
1563
1564
1565
1566
1566
1564
1564
1562
1562
1565
1564
1566
1565
1563
1566
1567
1563
1562
1567
1563
1565
1566
1563
1565
1566
1564
1565
1564
1562
1564
1561
1566
1563
1563
1563
1564
1563
1560
1565
1565
1564
1563
1563
1561
1564
1561
1563
1561
1563
1566
1562
1561
1566
1561
1566
1565
1564
1564
1567
1567
1565
1567
1565
1566
1566
1567
1567
1567
1567
1567
1566
1566
1569
1570
1567
1571
1569
1568
1567
1569
1571
1570
1571
1570
1568
1571
1570
1568
1570
1567
1571
1570
1569
1571
1567
1572
1568
1568
1567
1567
1567
1568
1569
1565
1566
1567
1564
1564
1566
1564
1564
1564
1563
1566
1563
1564
1560
1561
1563
1561
1564
1561
1566
1560
1560
1561
1561
1560
1560
1561
1563
1556
1560
1562
1562
1558
1560
1559
1561
1560
1558
1559
1559
1563
1560
1560
1561
1559
1558
1559
1561
1561
1559
1560
1561
1558
1560
1560
1558
1560
1559
1559
1560
1560
1561
1559
1559
1560
1560
1561
1559
1563
1558
1562
1557
1559
1557
1558
1558
1559
1556
1557
1556
1557
1556
1558
1558
1557
1554
1556
1557
1556
1558
1556
1556
1555
1557
1557
1553
1552
1554
1555
1557
1554
1552
1555
1553
1552
1552
1555
1551
1556
1555
1555
1553
1555
1554
1554
1556
1555
1552
1555
1556
1554
1555
1555
1553
1552
1556
1557
1555
1556
1556
1554
1553
1556
1556
1555
1555
1552
1553
1553
1552
1555
1553
1555
1553
1555
1553
1552
1553
1551
1553
1552
1553
1551
1551
1552
1552
1551
1552
1553
1552
1552
1552
1553
1554
1552
1551
1550
1552
1550
1552
1552
1550
1550
1553
1553
1552
1552
1550
1552
1551
1548
1549
1552
1550
1548
1551
1550
1550
1550
1552
1552
1552
1551
1549
1552
1551
1550
1548
1551
1553
1550
1551
1551
1552
1550
1548
1548
1549
1550
1548
1548
1549
1550
1551
1548
1548
1549
1551
1549
1552
1550
1548
1549
1550
1548
1549
1548
1547
1548
1548
1547
1549
1550
1547
1548
1548
1546
1546
1548
1548
1549
1545
1545
1548
1549
1548
1548
1546
1545
1549
1547
1547
1547
1546
1548
1546
1547
1545
1548
1548
1546
1547
1544
1546
1549
1546
1550
1544
1548
1545
1546
1544
1544
1545
1544
1547
1543
1545
1544
1546
1545
1545
1545
1545
1547
1546
1547
1547
1547
1545
1548
1544
1545
1544
1545
1543
1546
1544
1542
1543
1540
1545
1542
1545
1545
1544
1545
1545
1544
1544
1542
1544
1546
1543
1541
1543
1543
1543
1544
1544
1544
1543
1540
1542
1540
1541
1541
1543
1541
1542
1540
1541
1540
1540
1540
1541
1540
1542
1540
1543
1542
1542
1539
1542
1540
1540
1540
1540
1541
1540
1540
1541
1542
1541
1539
1538
1539
1541
1542
1543
1542
1536
1539
1539
1541
1540
1542
1538
1538
1537
1543
1539
1538
1539
1539
1539
1539
1539
1543
1539
1539
1537
1541
1540
1539
1539
1538
1538
1540
1539
1539
1540
1534
1537
1538
1536
1536
1535
1537
1537
1538
1535
1536
1540
1537
1536
1540
1533
1541
1539
1537
1537
1536
1535
1539
1537
1540
1538
1537
1537
1536
1534
1534
1535
1536
1538
1536
1536
1536
1536
1537
1532
1536
1538
1536
1535
1535
1533
1532
1535
1534
1537
1535
1536
1533
1534
1536
1535
1533
1529
1533
1534
1534
1532
1536
1532
1536
1536
1534
1532
1534
1531
1532
1531
1536
1535
1533
1532
1533
1535
1532
1531
1534
1533
1532
1535
1531
1529
1533
1532
1534
1533
1532
1531
1530
1532
1529
1535
1531
1532
1531
1531
1528
1531
1529
1531
1528
1528
1530
1531
1531
1531
1531
1529
1529
1532
1532
1529
1527
1532
1529
1528
1532
1532
1530
1528
1528
1528
1528
1528
1532
1529
1532
1529
1531
1532
1532
1532
1531
1532
1532
1534
1532
1532
1533
1532
1534
1536
1536
1533
1536
1534
1536
1537
1535
1536
1536
1534
1533
1535
1536
1536
1536
1536
1532
1537
1535
1539
1535
1536
1535
1536
1536
1538
1534
1533
1531
1533
1532
1532
1532
1532
1530
1529
1530
1528
1532
1530
1526
1528
1531
1528
1527
1530
1525
1528
1527
1528
1527
1528
1528
1526
1525
1524
1525
1527
1527
1524
1524
1526
1526
1528
1523
1527
1526
1526
1526
1526
1526
1528
1527
1527
1527
1526
1524
1525
1526
1527
1525
1524
1523
1526
1527
1525
1523
1523
1523
1524
1527
1523
1520
1524
1522
1521
1523
1523
1520
1520
1524
1525
1520
1521
1522
1522
1524
1520
1523
1523
1523
1517
1521
1521
1521
1520
1522
1519
1520
1520
1521
1521
1519
1520
1521
1520
1522
1518
1519
1520
1523
1520
1519
1523
1519
1521
1520
1520
1523
1520
1519
1523
1519
1518
1516
1520
1520
1521
1517
1519
1520
1518
1523
1520
1520
1515
1518
1514
1518
1518
1520
1520
1516
1520
1516
1518
1516
1519
1519
1518
1519
1519
1514
1518
1516
1518
1519
1520
1518
1516
1516
1516
1518
1516
1519
1518
1519
1517
1516
1517
1516
1519
1513
1517
1516
1513
1518
1517
1516
1513
1516
1514
1512
1516
1516
1515
1514
1517
1515
1517
1515
1516
1516
1512
1514
1517
1513
1512
1516
1515
1512
1513
1513
1514
1516
1515
1513
1515
1514
1512
1515
1515
1515
1512
1511
1511
1512
1514
1511
1512
1514
1514
1511
1513
1512
1513
1512
1512
1513
1509
1513
1513
1512
1514
1512
1512
1513
1511
1511
1511
1510
1511
1511
1510
1511
1513
1511
1512
1513
1510
1512
1511
1507
1511
1510
1512
1513
1507
1510
1508
1508
1510
1508
1509
1510
1508
1508
1510
1507
1510
1506
1510
1509
1508
1508
1511
1507
1508
1506
1511
1508
1510
1508
1505
1510
1505
1509
1511
1507
1507
1506
1509
1508
1509
1511
1505
1506
1507
1508
1507
1507
1505
1509
1507
1508
1507
1508
1505
1507
1505
1505
1504
1508
1505
1505
1507
1507
1507
1506
1503
1505
1506
1506
1506
1504
1504
1505
1506
1505
1504
1504
1507
1506
1506
1506
1502
1504
1504
1504
1503
1505
1504
1503
1504
1505
1504
1504
1503
1505
1506
1504
1504
1502
1507
1504
1503
1504
1503
1503
1501
1502
1500
1503
1501
1503
1504
1503
1502
1504
1506
1504
1504
1502
1502
1502
1504
1502
1501
1500
1501
1501
1503
1502
1502
1502
1502
1502
1503
1501
1502
1500
1500
1500
1500
1502
1498
1499
1498
1499
1499
1502
1500
1500
1501
1501
1499
1500
1499
1502
1500
1497
1498
1500
1496
1499
1497
1496
1502
1499
1496
1499
1500
1498
1497
1498
1500
1496
1498
1497
1499
1497
1499
1501
1496
1497
1500
1499
1499
1500
1501
1500
1499
1502
1501
1501
1501
1502
1500
1506
1501
1501
1503
1502
1506
1502
1505
1504
1505
1503
1507
1504
1506
1503
1504
1507
1507
1508
1506
1507
1504
1505
1504
1504
1504
1503
1502
1504
1504
1502
1504
1503
1502
1500
1500
1500
1499
1501
1497
1499
1497
1497
1500
1495
1498
1496
1496
1499
1493
1495
1492
1497
1497
1496
1495
1495
1496
1497
1494
1495
1496
1496
1495
1498
1495
1494
1496
1495
1497
1494
1497
1496
1494
1496
1492
1495
1493
1494
1495
1495
1494
1496
1491
1495
1494
1494
1491
1492
1492
1491
1492
1495
1489
1492
1490
1491
1495
1491
1494
1491
1491
1490
1489
1492
1492
1491
1491
1491
1493
1491
1491
1491
1491
1492
1490
1491
1488
1491
1492
1492
1488
1488
1491
1490
1491
1487
1492
1489
1491
1487
1489
1489
1491
1494
1489
1491
1491
1488
1487
1490
1488
1489
1487
1488
1489
1489
1488
1488
1490
1487
1488
1487
1490
1490
1487
1487
1487
1486
1487
1487
1489
1487
1489
1491
1481
1489
1486
1484
1484
1488
1488
1488
1486
1487
1489
1485
1484
1484
1485
1487
1484
1485
1488
1484
1486
1484
1484
1486
1484
1484
1486
1484
1483
1484
1484
1484
1484
1484
1486
1482
1483
1482
1483
1482
1483
1481
1484
1483
1484
1484
1479
1486
1483
1481
1483
1485
1484
1484
1481
1482
1483
1482
1484
1483
1482
1484
1481
1483
1483
1481
1481
1480
1481
1483
1480
1481
1480
1481
1482
1478
1480
1479
1476
1479
1478
1479
1482
1479
1483
1478
1481
1483
1477
1482
1479
1482
1479
1480
1481
1478
1481
1479
1480
1481
1477
1479
1479
1481
1479
1481
1481
1479
1478
1477
1478
1478
1476
1479
1476
1477
1479
1482
1478
1478
1480
1479
1476
1480
1479
1479
1476
1478
1476
1479
1475
1476
1477
1475
1476
1478
1477
1475
1475
1475
1475
1480
1479
1476
1476
1476
1475
1476
1478
1477
1475
1475
1475
1479
1478
1478
1475
1478
1475
1472
1474
1473
1475
1476
1477
1475
1475
1474
1475
1476
1478
1475
1475
1471
1475
1475
1473
1475
1474
1473
1472
1477
1472
1475
1473
1474
1473
1471
1477
1472
1472
1473
1473
1474
1473
1472
1472
1469
1473
1472
1472
1472
1473
1473
1473
1476
1475
1474
1475
1472
1470
1473
1472
1472
1473
1472
1472
1474
1473
1471
1473
1469
1472
1471
1472
1468
1470
1472
1472
1472
1473
1470
1472
1471
1467
1472
1471
1471
1472
1471
1470
1471
1472
1471
1470
1471
1470
1471
1472
1470
1472
1473
1470
1471
1470
1471
1471
1470
1468
1469
1469
1471
1469
1467
1467
1470
1467
1470
1471
1468
1471
1469
1469
1467
1471
1468
1470
1472
1471
1471
1472
1473
1474
1470
1475
1472
1475
1472
1477
1475
1472
1476
1474
1474
1476
1477
1476
1474
1475
1479
1476
1479
1478
1481
1479
1478
1477
1476
1475
1476
1478
1476
1475
1475
1473
1474
1474
1476
1470
1472
1474
1470
1468
1471
1470
1471
1468
1468
1470
1468
1471
1466
1468
1469
1469
1468
1467
1467
1467
1468
1467
1469
1468
1471
1467
1469
1470
1467
1467
1468
1464
1469
1468
1470
1469
1467
1469
1466
1468
1464
1468
1463
1465
1467
1465
1464
1467
1467
1463
1467
1465
1463
1463
1464
1464
1463
1467
1465
1463
1462
1465
1462
1465
1463
1462
1464
1465
1464
1465
1463
1460
1465
1464
1464
1464
1464
1462
1465
1465
1464
1463
1464
1464
1465
1465
1465
1461
1463
1463
1465
1461
1463
1464
1464
1462
1462
1460
1462
1463
1462
1463
1464
1461
1463
1463
1461
1458
1462
1460
1459
1460
1462
1460
1461
1461
1463
1460
1459
1460
1458
1459
1458
1460
1460
1459
1460
1460
1458
1459
1459
1459
1460
1460
1457
1459
1459
1459
1457
1459
1459
1460
1459
1457
1459
1458
1458
1459
1459
1457
1459
1456
1459
1457
1457
1456
1461
1455
1458
1459
1454
1457
1458
1457
1455
1456
1459
1453
1456
1459
1457
1456
1456
1457
1456
1456
1455
1456
1457
1456
1455
1455
1457
1456
1457
1457
1457
1455
1455
1456
1454
1454
1454
1454
1454
1452
1458
1457
1454
1454
1453
1455
1454
1453
1454
1455
1452
1452
1451
1454
1453
1453
1454
1452
1455
1452
1450
1455
1454
1452
1452
1452
1448
1450
1452
1452
1451
1453
1452
1449
1454
1449
1453
1451
1450
1451
1449
1451
1450
1451
1452
1451
1452
1451
1452
1449
1451
1452
1451
1450
1449
1448
1452
1453
1451
1449
1447
1452
1451
1447
1448
1446
1449
1449
1449
1449
1448
1450
1449
1452
1448
1446
1445
1447
1451
1450
1447
1448
1448
1448
1448
1448
1448
1449
1447
1447
1446
1446
1445
1447
1445
1447
1445
1446
1447
1447
1447
1447
1448
1443
1447
1447
1446
1449
1447
1446
1443
1449
1446
1447
1445
1448
1444
1444
1447
1447
1447
1445
1445
1446
1445
1447
1448
1446
1443
1443
1446
1445
1443
1446
1445
1446
1445
1443
1443
1444
1445
1443
1447
1442
1443
1445
1443
1447
1442
1440
1446
1440
1446
1444
1443
1444
1443
1443
1443
1444
1444
1441
1445
1443
1446
1446
1447
1448
1447
1442
1449
1449
1448
1449
1446
1449
1450
1449
1451
1452
1452
1453
1452
1451
1451
1451
1454
1452
1452
1453
1452
1449
1448
1452
1451
1451
1451
1450
1449
1446
1450
1446
1447
1446
1446
1444
1445
1444
1445
1443
1442
1442
1444
1444
1442
1442
1442
1441
1443
1442
1441
1443
1441
1441
1443
1442
1440
1440
1442
1442
1441
1443
1439
1442
1440
1439
1443
1441
1440
1443
1440
1441
1439
1440
1440
1440
1439
1439
1439
1436
1439
1438
1436
1438
1440
1435
1438
1440
1437
1437
1434
1436
1437
1436
1437
1436
1437
1437
1437
1436
1436
1439
1436
1438
1438
1435
1439
1436
1436
1439
1438
1436
1437
1436
1436
1436
1435
1434
1433
1435
1435
1435
1435
1436
1433
1433
1434
1435
1435
1432
1434
1430
1436
1434
1432
1436
1433
1430
1435
1435
1434
1431
1433
1433
1435
1432
1433
1432
1430
1434
1433
1433
1433
1433
1432
1433
1432
1436
1432
1429
1430
1431
1431
1431
1427
1427
1432
1432
1432
1432
1428
1432
1429
1431
1428
1429
1431
1430
1430
1428
1427
1428
1428
1428
1430
1430
1432
1427
1431
1431
1428
1429
1432
1429
1430
1428
1430
1427
1430
1428
1427
1429
1428
1428
1427
1428
1427
1428
1427
1428
1427
1427
1427
1427
1424
1426
1427
1427
1427
1425
1425
1425
1423
1428
1426
1427
1424
1429
1427
1425
1428
1423
1425
1423
1424
1427
1428
1426
1424
1424
1423
1423
1423
1425
1426
1426
1428
1423
1422
1426
1425
1426
1423
1424
1423
1421
1425
1423
1421
1424
1423
1421
1423
1426
1425
1421
1423
1422
1422
1420
1421
1422
1420
1419
1422
1421
1422
1423
1423
1423
1423
1421
1420
1420
1422
1422
1421
1420
1422
1422
1420
1420
1421
1422
1422
1420
1422
1419
1419
1420
1418
1421
1421
1420
1420
1420
1420
1420
1419
1420
1416
1420
1418
1418
1418
1419
1417
1418
1417
1417
1419
1418
1419
1422
1415
1419
1417
1415
1417
1417
1416
1415
1416
1416
1416
1416
1418
1415
1417
1415
1415
1415
1418
1417
1415
1414
1417
1415
1414
1415
1414
1415
1415
1415
1417
1416
1415
1416
1415
1420
1419
1420
1417
1418
1421
1420
1421
1419
1420
1422
1420
1423
1424
1421
1423
1425
1423
1427
1425
1423
1425
1426
1425
1423
1427
1428
1425
1425
1426
1427
1423
1423
1422
1423
1423
1424
1421
1422
1422
1420
1421
1419
1416
1415
1419
1420
1417
1417
1416
1415
1415
1415
1416
1416
1414
1418
1416
1415
1419
1414
1418
1413
1416
1415
1413
1414
1414
1414
1415
1415
1414
1413
1412
1412
1413
1415
1414
1413
1411
1413
1412
1415
1409
1413
1413
1410
1410
1410
1412
1414
1408
1411
1410
1410
1410
1408
1412
1409
1409
1408
1411
1411
1413
1410
1410
1411
1411
1411
1409
1409
1411
1411
1408
1411
1409
1408
1409
1410
1408
1408
1407
1408
1407
1410
1407
1408
1407
1405
1406
1409
1406
1404
1408
1407
1404
1406
1406
1408
1409
1407
1408
1408
1405
1406
1405
1407
1408
1408
1403
1406
1404
1406
1407
1402
1406
1405
1406
1404
1403
1407
1405
1405
1406
1405
1405
1401
1404
1404
1404
1404
1404
1402
1404
1405
1407
1402
1404
1403
1404
1402
1402
1404
1401
1403
1404
1403
1400
1404
1403
1400
1403
1403
1403
1402
1402
1403
1403
1399
1400
1400
1400
1400
1400
1401
1400
1398
1400
1401
1400
1398
1400
1399
1402
1399
1400
1399
1398
1402
1402
1399
1400
1402
1398
1399
1403
1398
1397
1400
1401
1399
1396
1401
1399
1396
1397
1398
1397
1395
1398
1399
1399
1399
1399
1399
1398
1398
1399
1400
1399
1399
1397
1398
1395
1398
1398
1397
1396
1395
1398
1398
1397
1398
1397
1400
1397
1396
1399
1393
1398
1395
1395
1398
1397
1396
1394
1397
1396
1397
1397
1395
1397
1395
1396
1395
1396
1396
1395
1393
1394
1392
1395
1392
1396
1393
1392
1396
1392
1392
1393
1395
1392
1393
1395
1393
1392
1392
1393
1392
1393
1394
1392
1395
1394
1392
1393
1392
1392
1390
1390
1394
1393
1394
1392
1393
1391
1395
1392
1392
1390
1391
1393
1391
1392
1392
1393
1393
1389
1393
1392
1392
1391
1390
1391
1392
1390
1391
1391
1392
1393
1394
1393
1396
1395
1396
1395
1396
1398
1399
1397
1398
1400
1400
1400
1403
1403
1402
1402
1404
1401
1403
1403
1403
1400
1402
1406
1401
1401
1401
1401
1403
1401
1400
1399
1400
1396
1398
1396
1396
1395
1395
1398
1395
1395
1395
1394
1397
1394
1392
1391
1396
1394
1395
1396
1393
1394
1390
1397
1391
1393
1393
1395
1394
1393
1390
1394
1389
1393
1392
1388
1387
1388
1389
1391
1388
1389
1389
1388
1387
1388
1388
1385
1387
1388
1387
1387
1387
1388
1389
1388
1388
1386
1387
1389
1386
1386
1386
1384
1387
1388
1387
1386
1388
1389
1387
1386
1387
1387
1385
1387
1385
1385
1386
1384
1385
1384
1385
1384
1384
1387
1385
1386
1387
1384
1382
1384
1384
1388
1380
1382
1385
1385
1381
1383
1383
1385
1380
1385
1385
1386
1385
1382
1383
1383
1381
1384
1384
1388
1383
1383
1384
1381
1382
1382
1382
1380
1379
1383
1383
1379
1380
1381
1383
1379
1379
1382
1380
1380
1379
1379
1381
1381
1379
1379
1380
1381
1383
1380
1377
1376
1379
1378
1377
1378
1379
1379
1379
1377
1383
1379
1376
1380
1377
1379
1376
1375
1378
1378
1376
1378
1376
1378
1373
1375
1376
1376
1377
1377
1376
1375
1380
1377
1376
1377
1374
1375
1375
1377
1374
1375
1376
1376
1376
1376
1375
1375
1375
1373
1374
1376
1376
1375
1376
1376
1375
1377
1376
1374
1372
1376
1375
1373
1373
1374
1372
1372
1374
1374
1372
1370
1374
1372
1374
1372
1372
1371
1374
1374
1371
1372
1373
1368
1371
1370
1370
1369
1372
1369
1373
1368
1372
1372
1371
1366
1373
1370
1368
1369
1371
1370
1370
1367
1368
1369
1368
1368
1370
1369
1370
1367
1371
1368
1369
1368
1370
1370
1369
1368
1368
1368
1368
1369
1368
1366
1367
1366
1366
1368
1370
1366
1370
1365
1363
1364
1368
1366
1368
1364
1366
1363
1366
1368
1366
1369
1368
1368
1367
1366
1368
1370
1372
1372
1375
1373
1376
1376
1375
1377
1379
1377
1375
1376
1379
1377
1378
1376
1379
1382
1378
1378
1377
1379
1376
1376
1374
1373
1377
1374
1376
1374
1375
1372
1372
1372
1373
1371
1371
1368
1369
1369
1371
1368
1370
1368
1368
1370
1368
1367
1368
1367
1367
1369
1371
1365
1367
1366
1368
1365
1367
1364
1364
1364
1367
1363
1365
1365
1366
1365
1362
1363
1363
1361
1359
1362
1362
1364
1363
1363
1363
1364
1363
1363
1363
1363
1364
1363
1364
1364
1364
1362
1361
1360
1363
1361
1361
1362
1364
1360
1362
1360
1359
1364
1360
1363
1364
1362
1362
1360
1357
1360
1359
1360
1360
1359
1359
1360
1359
1358
1360
1358
1359
1356
1358
1359
1359
1357
1358
1360
1360
1359
1358
1356
1359
1357
1357
1356
1358
1356
1358
1358
1356
1357
1356
1356
1356
1358
1358
1358
1357
1358
1355
1357
1357
1358
1358
1355
1352
1355
1358
1356
1356
1351
1355
1354
1356
1356
1354
1354
1355
1354
1352
1352
1354
1351
1355
1355
1354
1350
1354
1351
1354
1351
1351
1351
1353
1351
1355
1352
1350
1352
1350
1352
1349
1351
1352
1352
1353
1353
1351
1350
1348
1351
1346
1352
1352
1351
1349
1354
1350
1350
1349
1347
1348
1348
1351
1351
1347
1348
1349
1350
1347
1347
1350
1347
1347
1348
1346
1348
1351
1347
1349
1348
1348
1347
1347
1346
1348
1348
1345
1346
1348
1349
1346
1347
1345
1347
1346
1347
1347
1346
1344
1344
1346
1348
1345
1344
1344
1348
1347
1345
1344
1347
1348
1346
1345
1345
1343
1348
1343
1345
1345
1348
1343
1343
1344
1346
1342
1343
1342
1346
1345
1345
1345
1344
1345
1344
1345
1342
1345
1340
1342
1346
1342
1345
1342
1341
1342
1342
1343
1340
1342
1344
1343
1344
1341
1344
1341
1345
1343
1340
1342
1344
1347
1344
1343
1346
1345
1346
1347
1348
1350
1347
1351
1354
1354
1356
1353
1352
1356
1357
1357
1356
1356
1359
1358
1356
1356
1355
1355
1356
1356
1356
1355
1356
1354
1356
1356
1353
1356
1351
1353
1352
1351
1355
1353
1351
1352
1348
1349
1349
1349
1350
1351
1349
1350
1350
1347
1351
1349
1349
1351
1347
1346
1344
1345
1345
1345
1343
1343
1343
1345
1340
1340
1340
1342
1340
1340
1339
1341
1339
1342
1340
1341
1339
1340
1339
1340
1341
1339
1338
1340
1335
1338
1340
1338
1340
1338
1339
1339
1337
1339
1337
1336
1342
1338
1336
1334
1339
1336
1337
1337
1336
1335
1340
1336
1332
1336
1334
1335
1334
1337
1334
1335
1338
1334
1333
1336
1335
1336
1337
1334
1333
1334
1333
1332
1335
1334
1332
1329
1332
1335
1332
1329
1331
1335
1334
1333
1330
1333
1329
1332
1331
1331
1330
1330
1332
1332
1331
1331
1330
1333
1328
1331
1331
1334
1329
1331
1329
1333
1329
1330
1328
1330
1330
1327
1330
1329
1331
1328
1328
1328
1329
1329
1331
1330
1327
1327
1328
1328
1329
1329
1328
1327
1330
1326
1328
1327
1328
1326
1328
1328
1331
1328
1329
1327
1327
1328
1328
1326
1326
1326
1327
1327
1326
1328
1327
1329
1325
1328
1324
1330
1326
1327
1328
1327
1326
1326
1326
1327
1326
1326
1325
1324
1327
1325
1325
1326
1325
1326
1326
1324
1326
1326
1325
1326
1324
1324
1323
1323
1324
1322
1322
1324
1324
1326
1322
1323
1321
1324
1323
1323
1325
1324
1324
1322
1323
1324
1322
1323
1323
1322
1321
1321
1324
1321
1321
1326
1321
1321
1321
1324
1324
1323
1323
1321
1321
1321
1321
1321
1321
1323
1322
1323
1320
1323
1320
1322
1326
1326
1329
1329
1329
1332
1328
1334
1334
1331
1335
1334
1337
1337
1339
1335
1336
1337
1336
1335
1339
1336
1335
1335
1337
1336
1339
1335
1336
1332
1335
1335
1333
1332
1332
1331
1334
1334
1331
1332
1332
1330
1334
1328
1330
1328
1331
1328
1331
1324
1327
1326
1326
1327
1326
1326
1326
1326
1325
1325
1323
1323
1321
1323
1321
1321
1320
1321
1320
1321
1318
1321
1316
1319
1321
1321
1319
1321
1321
1318
1323
1322
1320
1320
1319
1319
1322
1319
1319
1319
1316
1320
1319
1319
1318
1319
1320
1319
1317
1318
1318
1317
1316
1317
1316
1315
1313
1316
1316
1317
1315
1317
1318
1315
1315
1316
1312
1315
1313
1316
1312
1315
1313
1314
1313
1313
1316
1315
1311
1312
1313
1311
1313
1311
1313
1309
1311
1312
1311
1313
1309
1312
1308
1312
1309
1312
1313
1311
1311
1309
1308
1308
1309
1308
1309
1308
1306
1308
1308
1309
1307
1309
1308
1308
1310
1308
1306
1309
1307
1305
1305
1307
1305
1307
1308
1307
1307
1309
1308
1309
1309
1306
1304
1307
1304
1306
1306
1307
1308
1307
1305
1305
1308
1306
1306
1304
1304
1304
1305
1307
1307
1303
1304
1303
1305
1306
1304
1302
1306
1304
1304
1304
1304
1302
1300
1302
1304
1304
1302
1301
1306
1301
1302
1303
1301
1303
1303
1301
1303
1299
1300
1302
1300
1301
1303
1301
1302
1303
1306
1302
1298
1300
1299
1299
1301
1301
1300
1300
1300
1297
1303
1300
1299
1302
1302
1300
1301
1301
1301
1298
1297
1300
1296
1298
1302
1299
1299
1297
1303
1300
1300
1303
1303
1304
1306
1305
1305
1311
1308
1310
1313
1310
1313
1313
1313
1315
1317
1313
1314
1315
1314
1317
1315
1314
1316
1316
1316
1313
1314
1316
1313
1312
1311
1313
1308
1311
1308
1308
1311
1311
1309
1310
1308
1305
1308
1308
1307
1308
1307
1307
1307
1305
1305
1302
1303
1302
1301
1304
1302
1299
1297
1298
1297
1296
1295
1296
1298
1295
1296
1295
1298
1294
1295
1298
1295
1298
1297
1295
1295
1296
1297
1292
1296
1295
1298
1296
1293
1294
1294
1297
1295
1294
1292
1295
1294
1294
1294
1295
1291
1292
1293
1293
1293
1293
1295
1292
1292
1288
1291
1291
1294
1290
1292
1291
1290
1290
1289
1291
1289
1288
1292
1289
1287
1290
1288
1290
1288
1289
1287
1290
1286
1287
1288
1290
1287
1290
1284
1288
1291
1287
1289
1286
1286
1289
1287
1288
1286
1286
1287
1286
1285
1286
1289
1286
1286
1286
1285
1286
1285
1287
1285
1286
1286
1282
1286
1286
1283
1286
1286
1286
1285
1285
1286
1286
1283
1283
1283
1283
1283
1284
1283
1282
1281
1282
1282
1281
1280
1282
1285
1284
1284
1279
1284
1281
1283
1282
1280
1281
1283
1283
1283
1285
1280
1280
1278
1281
1281
1283
1279
1282
1281
1281
1278
1281
1279
1280
1281
1278
1281
1279
1279
1283
1278
1281
1279
1279
1277
1278
1279
1277
1276
1278
1279
1278
1281
1279
1279
1281
1279
1277
1276
1279
1279
1278
1278
1278
1276
1276
1278
1278
1281
1280
1279
1281
1280
1282
1283
1284
1286
1287
1287
1289
1289
1287
1292
1295
1292
1294
1296
1295
1295
1292
1298
1298
1296
1295
1294
1296
1295
1293
1293
1296
1295
1292
1296
1292
1293
1292
1291
1292
1293
1292
1291
1292
1293
1290
1291
1292
1294
1292
1291
1289
1288
1291
1287
1287
1288
1287
1286
1286
1285
1285
1287
1283
1279
1284
1278
1281
1281
1280
1282
1279
1279
1283
1279
1282
1276
1279
1278
1277
1278
1276
1277
1280
1278
1279
1276
1279
1277
1276
1278
1274
1275
1276
1276
1276
1273
1276
1274
1274
1272
1275
1276
1277
1276
1276
1274
1275
1275
1276
1272
1276
1273
1274
1273
1276
1271
1274
1275
1272
1270
1272
1272
1271
1271
1272
1269
1272
1271
1272
1269
1271
1271
1272
1270
1272
1272
1268
1268
1270
1270
1268
1272
1270
1270
1272
1271
1272
1268
1268
1269
1270
1270
1270
1270
1271
1268
1265
1265
1268
1267
1270
1266
1268
1265
1271
1268
1267
1267
1267
1267
1267
1270
1267
1267
1267
1267
1267
1268
1264
1266
1265
1265
1265
1267
1265
1269
1264
1269
1264
1266
1269
1267
1267
1267
1263
1264
1266
1268
1264
1266
1264
1268
1266
1264
1268
1264
1265
1264
1267
1266
1265
1264
1263
1265
1264
1266
1267
1264
1265
1262
1262
1262
1263
1264
1266
1264
1265
1264
1262
1263
1265
1263
1263
1262
1264
1263
1264
1263
1260
1262
1262
1264
1264
1262
1263
1262
1266
1264
1265
1268
1267
1271
1270
1273
1272
1272
1272
1273
1278
1277
1278
1278
1279
1280
1280
1281
1280
1279
1281
1280
1280
1280
1280
1280
1280
1280
1282
1279
1280
1278
1278
1276
1276
1274
1278
1278
1277
1275
1274
1274
1276
1277
1272
1278
1275
1271
1275
1275
1273
1274
1273
1272
1272
1274
1270
1271
1268
1270
1268
1267
1264
1267
1264
1265
1264
1266
1263
1264
1260
1259
1264
1263
1264
1262
1261
1263
1263
1262
1262
1260
1260
1262
1261
1261
1260
1258
1261
1263
1261
1257
1258
1260
1259
1260
1258
1260
1260
1255
1256
1257
1258
1256
1258
1258
1256
1255
1256
1255
1255
1257
1254
1255
1256
1256
1255
1255
1254
1253
1254
1256
1255
1253
1252
1251
1254
1251
1252
1255
1254
1254
1251
1253
1252
1251
1251
1252
1253
1251
1254
1251
1251
1254
1253
1250
1253
1250
1252
1251
1249
1249
1251
1251
1250
1251
1252
1249
1251
1245
1251
1246
1248
1248
1249
1250
1248
1248
1246
1249
1247
1250
1244
1248
1247
1247
1245
1248
1248
1244
1248
1247
1245
1246
1246
1246
1246
1247
1248
1244
1249
1244
1246
1248
1244
1243
1248
1244
1244
1247
1246
1245
1243
1241
1246
1244
1245
1241
1246
1246
1244
1244
1243
1243
1244
1242
1244
1246
1247
1243
1244
1244
1244
1243
1242
1243
1243
1245
1243
1243
1241
1245
1245
1243
1243
1243
1244
1247
1243
1250
1251
1253
1252
1252
1254
1258
1255
1256
1260
1259
1260
1260
1263
1265
1263
1262
1264
1262
1264
1263
1263
1263
1260
1261
1264
1261
1263
1261
1263
1260
1260
1261
1258
1259
1260
1262
1259
1259
1262
1258
1262
1261
1259
1259
1260
1257
1256
1255
1256
1255
1252
1254
1253
1252
1251
1250
1251
1251
1248
1248
1248
1248
1248
1244
1246
1247
1246
1245
1247
1247
1246
1245
1246
1243
1242
1245
1243
1245
1241
1241
1241
1240
1238
1241
1240
1240
1240
1236
1241
1239
1238
1240
1240
1238
1237
1238
1240
1238
1238
1238
1234
1236
1236
1235
1235
1238
1239
1235
1233
1236
1235
1237
1235
1235
1238
1235
1234
1234
1235
1234
1233
1235
1233
1235
1232
1235
1233
1233
1233
1232
1234
1235
1231
1233
1233
1233
1231
1233
1230
1231
1232
1230
1231
1231
1231
1228
1231
1230
1233
1231
1230
1229
1232
1228
1230
1231
1229
1229
1228
1228
1232
1230
1230
1230
1228
1229
1228
1229
1228
1227
1230
1225
1228
1228
1228
1226
1228
1227
1231
1229
1229
1230
1226
1228
1230
1225
1228
1230
1227
1226
1227
1228
1225
1229
1230
1227
1227
1228
1225
1227
1227
1224
1227
1225
1228
1227
1227
1225
1227
1226
1225
1227
1225
1226
1225
1225
1225
1225
1227
1227
1224
1227
1223
1224
1227
1223
1223
1227
1224
1225
1225
1223
1223
1225
1226
1223
1223
1223
1226
1223
1222
1224
1223
1225
1228
1228
1228
1230
1229
1234
1236
1237
1235
1239
1239
1240
1241
1244
1243
1243
1244
1247
1243
1245
1246
1246
1246
1244
1246
1244
1243
1244
1244
1245
1241
1244
1243
1243
1240
1240
1244
1244
1244
1245
1242
1244
1243
1240
1241
1242
1244
1241
1238
1240
1240
1238
1240
1240
1234
1234
1235
1235
1234
1233
1235
1233
1234
1230
1231
1230
1231
1229
1230
1230
1227
1227
1230
1227
1226
1231
1228
1227
1227
1228
1228
1230
1228
1228
1226
1229
1227
1227
1224
1224
1225
1224
1224
1224
1226
1225
1223
1224
1223
1223
1219
1223
1223
1222
1221
1223
1220
1219
1221
1223
1222
1223
1220
1217
1217
1219
1220
1218
1221
1217
1220
1222
1221
1215
1218
1220
1219
1216
1218
1216
1217
1219
1217
1220
1219
1218
1218
1216
1217
1216
1219
1218
1216
1219
1216
1215
1217
1217
1216
1216
1216
1215
1216
1214
1215
1214
1215
1215
1214
1215
1214
1216
1214
1218
1213
1209
1214
1214
1212
1213
1211
1211
1211
1214
1215
1212
1211
1211
1210
1212
1212
1210
1212
1211
1215
1210
1211
1211
1208
1213
1211
1208
1212
1212
1212
1214
1213
1215
1216
1216
1219
1219
1223
1220
1223
1228
1228
1224
1229
1230
1231
1231
1230
1231
1230
1231
1232
1228
1230
1229
1230
1229
1227
1230
1225
1228
1227
1228
1227
1226
1225
1226
1223
1226
1228
1228
1226
1223
1225
1224
1223
1223
1223
1219
1217
1217
1216
1216
1213
1215
1213
1214
1214
1213
1212
1211
1212
1212
1210
1211
1208
1212
1212
1209
1212
1209
1211
1212
1213
1210
1210
1208
1209
1208
1210
1209
1205
1208
1208
1209
1208
1208
1209
1205
1207
1207
1205
1201
1206
1206
1205
1203
1206
1204
1204
1203
1203
1201
1206
1204
1200
1206
1201
1203
1201
1202
1204
1204
1202
1201
1201
1203
1204
1200
1202
1201
1199
1202
1202
1201
1203
1203
1202
1199
1199
1201
1200
1200
1197
1199
1200
1199
1197
1199
1200
1196
1201
1200
1199
1200
1198
1196
1195
1197
1197
1199
1200
1199
1199
1197
1198
1196
1198
1197
1198
1197
1196
1200
1195
1196
1196
1197
1196
1197
1198
1195
1195
1193
1192
1194
1195
1193
1194
1195
1196
1194
1194
1195
1194
1195
1192
1195
1195
1191
1194
1193
1195
1197
1197
1199
1200
1200
1203
1201
1203
1203
1207
1207
1209
1208
1211
1212
1213
1217
1214
1217
1214
1219
1218
1217
1216
1215
1220
1216
1216
1214
1212
1211
1212
1217
1215
1216
1216
1216
1215
1215
1213
1215
1216
1211
1212
1215
1214
1214
1214
1211
1212
1212
1211
1212
1208
1210
1207
1208
1206
1207
1207
1205
1203
1206
1202
1202
1204
1203
1200
1200
1196
1187
1190
1186
1187
1187
1185
1185
1187
1187
1187
1187
1187
1187
1186
1182
1185
1187
1185
1188
1186
1184
1185
1184
1186
1182
1183
1186
1184
1183
1184
1184
1183
1188
1184
1180
1182
1183
1182
1188
1182
1183
1182
1180
1184
1180
1184
1183
1182
1183
1182
1183
1181
1183
1185
1185
1180
1183
1182
1183
1182
1180
1183
1180
1180
1180
1183
1181
1182
1183
1180
1183
1181
1183
1180
1181
1178
1180
1180
1181
1179
1181
1179
1181
1180
1179
1181
1176
1179
1181
1181
1179
1177
1180
1179
1179
1177
1180
1182
1179
1179
1178
1180
1179
1183
1183
1184
1184
1183
1185
1188
1190
1191
1195
1196
1197
1196
1201
1200
1203
1205
1203
1201
1203
1203
1201
1203
1203
1203
1200
1200
1203
1203
1201
1197
1199
1198
1200
1199
1200
1199
1197
1203
1202
1200
1199
1198
1200
1200
1198
1200
1198
1195
1193
1196
1196
1196
1193
1190
1192
1190
1190
1188
1189
1190
1187
1190
1189
1187
1186
1189
1187
1190
1187
1186
1186
1187
1184
1185
1186
1186
1185
1184
1183
1184
1183
1185
1186
1183
1182
1183
1184
1179
1180
1181
1178
1177
1180
1180
1180
1181
1179
1179
1180
1178
1178
1181
1177
1179
1177
1176
1178
1176
1174
1174
1179
1176
1175
1176
1176
1176
1177
1174
1177
1175
1176
1179
1171
1175
1175
1173
1172
1171
1172
1174
1174
1174
1174
1174
1173
1175
1172
1174
1173
1173
1174
1176
1171
1175
1172
1172
1171
1171
1170
1174
1171
1170
1172
1170
1168
1171
1168
1171
1168
1172
1171
1171
1171
1168
1169
1171
1170
1170
1170
1167
1171
1168
1167
1168
1168
1166
1168
1168
1169
1166
1168
1169
1169
1167
1167
1168
1169
1171
1173
1174
1173
1179
1178
1178
1184
1183
1185
1185
1187
1190
1187
1189
1191
1191
1188
1190
1187
1187
1189
1188
1186
1185
1186
1187
1188
1187
1187
1186
1186
1184
1185
1184
1186
1185
1185
1183
1186
1179
1183
1182
1177
1180
1179
1180
1178
1176
1174
1174
1174
1174
1174
1171
1173
1170
1174
1173
1169
1170
1171
1169
1169
1172
1170
1171
1170
1167
1167
1172
1169
1168
1167
1168
1169
1167
1168
1168
1167
1168
1165
1163
1165
1162
1167
1166
1164
1165
1161
1162
1164
1162
1162
1161
1160
1160
1161
1162
1160
1162
1163
1159
1157
1161
1159
1161
1160
1159
1158
1160
1160
1160
1160
1160
1161
1157
1159
1155
1159
1158
1158
1159
1160
1157
1159
1156
1156
1158
1156
1155
1155
1155
1157
1156
1157
1156
1157
1156
1156
1156
1156
1155
1154
1153
1155
1151
1155
1155
1153
1153
1154
1155
1153
1154
1155
1155
1153
1154
1154
1152
1154
1153
1152
1152
1153
1151
1152
1152
1153
1154
1151
1152
1151
1152
1150
1152
1153
1154
1157
1154
1157
1160
1159
1164
1164
1168
1168
1169
1170
1172
1172
1176
1179
1179
1176
1175
1175
1176
1178
1175
1175
1177
1175
1174
1176
1177
1172
1176
1176
1174
1175
1174
1175
1174
1175
1173
1178
1175
1173
1174
1171
1169
1169
1171
1169
1170
1167
1165
1167
1164
1164
1164
1162
1161
1163
1163
1163
1161
1161
1163
1163
1162
1161
1158
1159
1158
1162
1158
1159
1158
1158
1159
1158
1152
1155
1156
1157
1153
1154
1154
1153
1154
1153
1153
1150
1153
1152
1148
1153
1151
1146
1152
1149
1151
1150
1150
1150
1150
1147
1150
1148
1148
1149
1147
1145
1145
1146
1146
1146
1147
1148
1144
1142
1147
1143
1145
1144
1143
1144
1145
1144
1147
1141
1145
1144
1146
1147
1144
1145
1144
1145
1140
1143
1146
1143
1144
1143
1144
1140
1144
1141
1141
1140
1142
1143
1141
1140
1140
1140
1140
1145
1143
1141
1139
1142
1140
1139
1139
1142
1138
1142
1140
1140
1139
1140
1139
1141
1139
1138
1141
1140
1139
1140
1137
1140
1139
1139
1137
1138
1140
1140
1136
1143
1143
1141
1144
1145
1149
1147
1152
1153
1156
1157
1159
1156
1163
1161
1164
1164
1163
1164
1166
1166
1161
1162
1161
1163
1162
1161
1161
1163
1163
1162
1161
1160
1163
1162
1163
1163
1162
1161
1159
1157
1160
1158
1162
1156
1159
1158
1157
1157
1157
1155
1155
1154
1151
1153
1152
1150
1150
1149
1153
1151
1149
1151
1150
1149
1147
1149
1150
1149
1148
1148
1148
1144
1145
1145
1144
1147
1145
1143
1144
1145
1141
1140
1142
1141
1139
1143
1141
1140
1140
1138
1136
1139
1138
1138
1136
1138
1136
1137
1137
1137
1139
1137
1138
1133
1135
1134
1136
1137
1136
1133
1135
1136
1138
1133
1137
1135
1135
1132
1137
1135
1134
1135
1132
1135
1136
1133
1134
1135
1134
1132
1132
1131
1132
1134
1136
1132
1130
1133
1131
1130
1132
1132
1133
1132
1132
1129
1132
1132
1130
1131
1129
1130
1129
1131
1129
1132
1129
1131
1128
1129
1132
1132
1132
1135
1134
1137
1134
1142
1142
1142
1144
1147
1145
1148
1147
1152
1154
1153
1153
1153
1152
1151
1154
1154
1150
1150
1149
1150
1152
1153
1151
1150
1152
1152
1151
1151
1148
1147
1148
1148
1149
1150
1148
1148
1147
1148
1142
1142
1144
1142
1140
1139
1139
1139
1139
1139
1139
1139
1135
1137
1139
1138
1138
1137
1136
1134
1136
1136
1137
1136
1135
1131
1132
1134
1132
1130
1133
1130
1129
1130
1130
1128
1128
1129
1129
1129
1130
1130
1126
1129
1127
1124
1124
1125
1124
1128
1123
1127
1125
1123
1125
1121
1124
1121
1120
1123
1123
1121
1123
1121
1123
1121
1120
1123
1123
1120
1123
1121
1121
1120
1122
1123
1121
1121
1119
1121
1120
1118
1119
1119
1117
1120
1118
1118
1119
1119
1116
1119
1116
1118
1118
1116
1118
1117
1118
1116
1118
1113
1118
1122
1121
1121
1126
1128
1126
1130
1131
1132
1133
1135
1140
1139
1140
1142
1139
1142
1143
1139
1141
1142
1143
1143
1138
1143
1143
1143
1143
1141
1142
1141
1139
1142
1142
1141
1140
1144
1142
1141
1140
1139
1137
1134
1133
1136
1136
1136
1133
1131
1131
1132
1132
1131
1133
1132
1128
1128
1129
1128
1129
1129
1126
1130
1129
1128
1131
1129
1127
1125
1122
1126
1123
1123
1123
1122
1123
1120
1120
1120
1119
1118
1117
1118
1118
1117
1120
1115
1116
1116
1115
1115
1112
1113
1115
1111
1111
1112
1112
1111
1112
1109
1109
1110
1110
1112
1112
1114
1110
1110
1110
1111
1111
1111
1108
1110
1107
1108
1111
1110
1108
1109
1111
1108
1109
1108
1108
1107
1108
1107
1109
1105
1106
1105
1108
1108
1106
1105
1105
1107
1108
1105
1104
1105
1105
1111
1106
1105
1107
1103
1104
1108
1103
1105
1103
1104
1103
1106
1102
1100
1102
1103
1103
1102
1103
1106
1104
1111
1112
1112
1116
1119
1119
1123
1126
1129
1128
1130
1131
1129
1128
1130
1132
1133
1129
1131
1129
1128
1129
1131
1129
1133
1131
1128
1132
1132
1133
1132
1133
1136
1134
1134
1133
1134
1131
1131
1131
1129
1132
1131
1129
1128
1129
1129
1127
1126
1127
1125
1127
1124
1127
1125
1122
1123
1126
1122
1120
1122
1120
1120
1120
1118
1119
1119
1117
1120
1119
1115
1116
1113
1112
1116
1113
1111
1113
1108
1111
1107
1110
1107
1108
1104
1110
1104
1105
1107
1105
1104
1106
1105
1104
1102
1104
1105
1103
1100
1104
1101
1103
1101
1103
1104
1103
1096
1102
1104
1102
1098
1103
1102
1103
1101
1101
1103
1103
1102
1102
1101
1102
1102
1103
1100
1100
1098
1101
1098
1103
1099
1097
1100
1103
1100
1096
1098
1100
1100
1098
1100
1098
1098
1098
1097
1100
1098
1098
1098
1100
1098
1099
1099
1096
1096
1097
1094
1095
1096
1097
1096
1095
1097
1099
1097
1097
1095
1096
1097
1096
1097
1097
1100
1100
1104
1102
1106
1109
1112
1116
1116
1115
1119
1121
1124
1123
1123
1122
1122
1123
1124
1123
1120
1123
1121
1125
1122
1123
1121
1122
1121
1121
1122
1123
1123
1121
1122
1120
1120
1120
1120
1119
1118
1119
1118
1115
1115
1114
1114
1114
1112
1114
1112
1113
1110
1112
1112
1112
1113
1112
1113
1112
1109
1111
1110
1111
1108
1108
1107
1110
1107
1107
1107
1106
1106
1106
1102
1104
1102
1102
1101
1100
1103
1099
1103
1097
1096
1097
1095
1097
1099
1098
1095
1095
1093
1096
1096
1093
1092
1092
1094
1092
1094
1094
1092
1090
1089
1089
1092
1091
1091
1090
1090
1091
1091
1090
1091
1089
1091
1089
1091
1088
1088
1088
1087
1088
1088
1089
1086
1087
1085
1087
1086
1086
1086
1087
1086
1084
1087
1084
1086
1086
1082
1083
1083
1087
1084
1084
1087
1087
1091
1089
1091
1095
1093
1095
1100
1100
1100
1104
1103
1106
1107
1112
1111
1111
1111
1111
1110
1110
1109
1110
1109
1112
1110
1108
1108
1111
1111
1113
1110
1108
1111
1110
1111
1114
1109
1109
1108
1108
1106
1106
1103
1103
1104
1101
1101
1103
1103
1102
1102
1100
1101
1100
1101
1100
1098
1100
1099
1098
1097
1096
1099
1094
1096
1095
1094
1093
1093
1092
1090
1092
1091
1090
1090
1087
1086
1087
1088
1086
1087
1085
1084
1084
1083
1084
1083
1084
1084
1084
1077
1085
1079
1080
1080
1082
1078
1081
1080
1080
1081
1081
1079
1080
1080
1080
1080
1078
1079
1076
1075
1078
1078
1078
1077
1074
1075
1075
1077
1076
1076
1074
1075
1075
1076
1075
1075
1075
1075
1071
1076
1076
1073
1072
1075
1075
1072
1074
1075
1076
1072
1073
1074
1073
1073
1074
1076
1076
1074
1076
1076
1081
1082
1086
1089
1091
1092
1097
1095
1099
1099
1100
1100
1099
1100
1100
1101
1100
1102
1100
1102
1102
1102
1103
1100
1102
1103
1101
1107
1104
1105
1104
1107
1105
1103
1106
1104
1102
1103
1103
1101
1103
1101
1099
1102
1100
1098
1098
1097
1097
1096
1097
1095
1097
1092
1092
1093
1094
1094
1091
1092
1095
1088
1090
1087
1087
1089
1088
1088
1084
1083
1086
1084
1080
1083
1080
1080
1083
1077
1079
1080
1077
1080
1076
1075
1075
1075
1076
1076
1074
1072
1073
1072
1071
1074
1072
1072
1072
1071
1072
1073
1069
1072
1070
1072
1072
1072
1071
1072
1071
1073
1070
1068
1071
1072
1071
1067
1071
1071
1069
1070
1067
1068
1068
1068
1068
1068
1067
1068
1068
1066
1069
1070
1065
1065
1066
1068
1068
1066
1064
1066
1064
1066
1065
1067
1070
1064
1063
1067
1064
1068
1065
1068
1063
1067
1064
1064
1066
1065
1065
1064
1068
1071
1074
1076
1079
1081
1083
1087
1089
1090
1090
1092
1094
1091
1095
1092
1094
1094
1094
1095
1091
1091
1095
1091
1096
1096
1098
1093
1095
1096
1095
1097
1095
1096
1096
1095
1095
1095
1095
1095
1095
1090
1093
1091
1091
1089
1091
1089
1090
1091
1091
1086
1086
1089
1085
1083
1088
1083
1084
1084
1084
1081
1084
1084
1082
1083
1082
1078
1080
1078
1078
1078
1078
1075
1076
1075
1074
1074
1075
1076
1069
1071
1069
1072
1071
1070
1068
1066
1068
1071
1067
1069
1068
1065
1068
1068
1067
1064
1065
1065
1063
1063
1063
1064
1063
1062
1067
1062
1063
1063
1062
1060
1063
1062
1059
1062
1063
1060
1062
1060
1061
1058
1059
1059
1059
1059
1058
1060
1062
1056
1061
1059
1059
1056
1058
1053
1056
1055
1059
1059
1059
1057
1060
1059
1063
1067
1070
1069
1072
1074
1074
1075
1083
1081
1084
1083
1082
1082
1083
1082
1081
1081
1082
1080
1084
1083
1083
1086
1087
1087
1085
1085
1087
1086
1085
1083
1082
1083
1084
1082
1083
1077
1077
1080
1080
1077
1079
1074
1076
1077
1076
1076
1076
1075
1073
1070
1071
1075
1071
1070
1068
1071
1068
1068
1067
1066
1067
1067
1065
1064
1065
1062
1064
1059
1060
1060
1062
1057
1056
1060
1057
1059
1059
1055
1056
1058
1056
1052
1057
1052
1052
1052
1054
1052
1052
1052
1051
1049
1052
1052
1052
1049
1051
1051
1052
1047
1047
1050
1051
1049
1048
1049
1050
1049
1048
1049
1049
1048
1047
1047
1046
1049
1048
1048
1046
1046
1046
1044
1049
1044
1046
1046
1045
1044
1047
1047
1045
1045
1046
1044
1045
1044
1044
1046
1044
1044
1044
1046
1043
1046
1046
1048
1046
1051
1052
1055
1059
1061
1065
1065
1066
1070
1064
1069
1074
1072
1070
1071
1076
1073
1073
1072
1074
1077
1076
1078
1079
1075
1079
1077
1079
1079
1077
1080
1079
1079
1075
1077
1076
1077
1074
1075
1072
1071
1071
1068
1069
1066
1069
1065
1065
1065
1065
1068
1067
1064
1064
1063
1063
1062
1064
1060
1059
1060
1060
1058
1060
1058
1057
1058
1058
1056
1054
1054
1055
1053
1054
1053
1052
1053
1048
1051
1047
1051
1052
1047
1049
1048
1046
1048
1046
1046
1046
1047
1043
1045
1046
1044
1045
1044
1046
1045
1046
1043
1045
1043
1041
1041
1045
1040
1040
1044
1041
1042
1045
1045
1043
1039
1040
1040
1040
1041
1041
1040
1039
1041
1040
1038
1038
1039
1041
1039
1040
1039
1039
1039
1036
1039
1037
1039
1040
1038
1039
1036
1039
1037
1036
1036
1038
1037
1036
1038
1039
1036
1038
1038
1037
1042
1041
1046
1046
1046
1052
1055
1056
1062
1059
1065
1063
1064
1064
1063
1064
1062
1065
1065
1067
1070
1068
1068
1068
1070
1069
1068
1072
1068
1070
1072
1070
1070
1070
1069
1070
1069
1066
1067
1068
1064
1063
1064
1063
1060
1061
1060
1062
1062
1060
1058
1056
1058
1058
1057
1057
1057
1055
1056
1055
1053
1053
1054
1050
1052
1052
1051
1051
1050
1049
1047
1045
1044
1046
1045
1043
1046
1042
1046
1044
1043
1042
1040
1039
1041
1040
1038
1040
1040
1037
1039
1038
1033
1035
1035
1037
1034
1035
1034
1036
1035
1036
1034
1034
1036
1033
1033
1036
1031
1036
1032
1036
1036
1030
1031
1033
1033
1032
1032
1031
1030
1031
1034
1030
1030
1028
1032
1027
1028
1028
1027
1028
1030
1026
1029
1028
1028
1032
1032
1033
1037
1039
1044
1043
1049
1048
1052
1052
1054
1055
1055
1052
1055
1054
1056
1056
1055
1057
1058
1059
1058
1059
1059
1059
1060
1059
1062
1058
1062
1056
1055
1055
1055
1055
1050
1053
1053
1053
1050
1050
1048
1050
1049
1045
1046
1046
1044
1047
1042
1043
1045
1043
1040
1041
1041
1038
1039
1036
1038
1037
1039
1035
1035
1035
1034
1035
1034
1032
1034
1032
1031
1031
1029
1030
1029
1027
1028
1027
1026
1027
1029
1026
1025
1023
1027
1024
1025
1024
1023
1022
1022
1023
1022
1024
1025
1020
1019
1023
1020
1020
1021
1022
1024
1022
1022
1020
1022
1020
1021
1019
1018
1019
1020
1020
1020
1018
1023
1018
1016
1019
1018
1020
1016
1016
1017
1019
1017
1017
1017
1015
1016
1018
1015
1020
1018
1013
1016
1014
1016
1015
1018
1018
1021
1023
1026
1026
1028
1033
1038
1039
1042
1043
1044
1043
1044
1044
1046
1046
1046
1048
1044
1049
1051
1049
1049
1050
1046
1048
1054
1053
1050
1052
1052
1050
1052
1053
1049
1047
1047
1047
1044
1045
1043
1042
1041
1042
1044
1042
1039
1041
1039
1039
1041
1038
1038
1036
1036
1036
1034
1036
1035
1032
1034
1032
1031
1032
1031
1031
1031
1029
1031
1027
1029
1025
1028
1028
1025
1024
1022
1020
1022
1026
1024
1021
1019
1019
1020
1019
1020
1020
1020
1018
1017
1019
1019
1017
1016
1016
1017
1015
1015
1016
1015
1016
1016
1014
1018
1016
1016
1013
1012
1012
1016
1014
1014
1013
1013
1015
1012
1012
1015
1012
1012
1013
1011
1011
1014
1012
1013
1012
1011
1008
1013
1014
1013
1011
1009
1011
1010
1013
1011
1010
1011
1009
1012
1008
1009
1007
1010
1008
1012
1010
1015
1013
1012
1020
1020
1024
1026
1028
1033
1031
1034
1036
1036
1037
1038
1040
1039
1039
1040
1040
1040
1042
1042
1042
1044
1043
1043
1041
1044
1043
1046
1046
1041
1038
1042
1042
1040
1039
1039
1036
1037
1036
1037
1034
1032
1034
1033
1031
1032
1033
1031
1030
1031
1030
1028
1028
1028
1029
1028
1028
1028
1024
1024
1024
1023
1023
1021
1020
1021
1023
1019
1020
1020
1018
1019
1016
1014
1017
1013
1013
1013
1014
1014
1011
1010
1013
1012
1011
1010
1010
1011
1009
1011
1008
1010
1008
1008
1008
1006
1008
1006
1007
1007
1011
1006
1006
1006
1007
1006
1005
1003
1004
1003
1003
1004
1003
1003
1002
1003
1003
1004
1001
1000
1003
1002
1002
1001
1000
1001
1001
1003
1001
1003
1005
1003
1002
1007
1011
1013
1013
1014
1018
1021
1024
1025
1027
1027
1031
1027
1027
1030
1032
1031
1029
1031
1032
1031
1033
1032
1030
1032
1033
1033
1032
1032
1033
1031
1030
1029
1026
1027
1026
1024
1025
1023
1021
1022
1020
1021
1020
1020
1023
1020
1018
1018
1016
1016
1016
1014
1020
1015
1015
1014
1016
1013
1013
1011
1009
1007
1009
1008
1009
1009
1009
1009
1007
1007
1004
1006
1006
1003
1003
1003
1001
1003
1001
1000
1000
996
998
998
999
1002
998
999
999
997
996
995
999
995
992
997
995
995
998
995
995
995
995
995
995
994
993
994
992
995
996
993
992
992
992
992
992
993
991
991
991
993
991
989
990
989
991
992
991
993
993
995
994
1000
1001
1006
1008
1012
1017
1016
1017
1020
1018
1022
1021
1022
1024
1025
1023
1024
1026
1026
1027
1026
1029
1027
1024
1024
1028
1026
1027
1026
1023
1025
1024
1023
1023
1020
1023
1020
1021
1019
1018
1016
1016
1017
1015
1015
1017
1016
1016
1013
1011
1013
1012
1014
1015
1013
1011
1011
1009
1012
1008
1007
1011
1007
1009
1009
1004
1007
1005
1006
1006
1007
1007
1007
1000
1004
1001
1001
1001
1002
1001
999
998
1000
998
996
997
1000
995
996
997
995
996
994
995
994
996
993
992
995
996
993
992
994
991
993
992
992
991
992
991
990
989
993
990
992
992
992
991
991
990
988
990
988
989
990
988
989
987
988
986
986
986
989
989
987
988
985
990
986
988
987
988
985
985
985
989
990
991
994
995
1001
1004
1007
1010
1009
1012
1012
1017
1016
1014
1016
1016
1017
1017
1019
1020
1020
1020
1018
1020
1022
1023
1020
1020
1022
1021
1024
1021
1016
1019
1017
1015
1016
1016
1012
1016
1015
1013
1011
1010
1010
1008
1010
1010
1011
1008
1008
1008
1005
1007
1008
1004
1004
1005
1006
1004
1001
1001
1003
1003
1001
1001
1001
999
999
996
998
1000
997
995
994
995
993
995
992
991
994
993
988
988
991
989
987
988
988
989
988
986
986
985
987
987
983
984
986
982
981
984
982
984
983
983
984
980
980
981
981
981
981
982
979
979
979
979
976
983
980
980
983
983
985
987
988
990
994
996
1001
1001
1004
1005
1005
1006
1008
1008
1008
1012
1011
1011
1009
1012
1012
1009
1012
1009
1011
1013
1015
1011
1010
1010
1013
1011
1008
1006
1004
1004
1008
1004
1003
1001
1003
1001
1002
997
1001
998
1002
999
999
995
999
997
995
995
998
998
998
994
993
993
993
993
992
995
993
992
993
991
989
990
991
989
989
988
984
986
985
983
984
984
983
983
983
980
982
981
980
978
980
976
977
979
975
979
975
976
976
978
974
975
976
975
975
977
974
975
978
975
974
972
974
972
971
972
972
972
972
974
972
973
970
968
969
969
968
971
968
968
968
969
968
967
967
967
967
967
969
968
972
973
975
981
984
985
989
992
992
992
997
997
999
998
1000
1000
1004
1003
1002
1003
1002
1004
1008
1005
1006
1004
1007
1004
1006
1002
1004
1004
1004
1004
1004
1001
1000
999
998
1001
999
999
995
999
996
995
994
995
997
997
995
996
995
998
997
992
994
991
994
992
992
992
993
991
992
990
990
987
987
988
986
985
988
988
986
986
982
984
986
985
983
978
982
980
981
979
981
979
976
976
975
981
972
975
976
976
976
975
975
974
973
976
974
972
973
970
971
973
971
970
971
969
972
970
973
970
971
969
971
969
971
969
966
969
966
971
968
967
967
966
968
965
966
966
968
969
966
966
967
967
965
966
965
967
967
966
969
964
964
967
968
972
974
977
982
987
984
990
992
993
997
996
995
997
998
1001
1000
1002
1004
1002
1001
1001
1002
1004
1003
1002
1004
1002
1003
999
999
999
999
996
996
998
993
996
993
993
991
995
990
991
990
991
992
991
989
988
988
988
990
986
988
990
984
987
988
987
987
984
987
983
980
984
982
982
982
982
979
977
980
977
975
979
976
976
973
977
973
972
974
973
969
968
969
970
968
970
967
968
968
967
965
966
966
963
964
964
965
965
963
962
963
963
963
962
960
964
959
959
961
961
962
960
958
960
961
959
958
959
956
959
961
960
965
965
967
970
976
976
980
984
982
984
983
988
990
990
989
993
992
990
993
992
993
990
993
993
989
993
989
989
990
989
988
988
986
988
985
984
983
982
984
984
986
980
980
977
978
979
979
979
979
977
979
979
979
976
978
975
976
975
974
978
973
976
974
974
974
972
971
969
971
968
965
969
969
965
967
964
965
964
962
964
960
962
963
961
962
961
961
960
956
959
959
957
958
956
956
953
956
956
953
953
955
955
953
954
952
952
953
951
952
953
951
951
951
952
952
951
950
950
949
948
948
950
950
947
947
948
945
948
949
953
953
956
961
963
967
972
971
975
976
975
977
979
978
981
982
984
983
984
983
984
987
984
986
986
984
988
986
986
985
983
984
984
982
982
977
979
979
980
979
977
975
974
976
975
975
974
975
973
974
976
976
973
975
975
973
974
974
972
972
972
974
972
972
967
968
969
968
967
968
968
966
968
964
964
965
963
965
963
960
961
956
960
959
956
955
959
956
959
954
957
955
954
953
953
953
951
952
951
952
952
951
948
949
951
951
951
950
951
948
947
948
949
948
947
950
948
949
947
948
947
950
945
947
946
950
948
945
947
945
947
944
946
940
942
944
945
946
947
950
948
951
956
961
963
963
970
969
975
976
975
975
975
980
979
981
982
983
980
983
983
983
980
981
980
981
976
980
979
979
979
979
972
975
971
974
975
974
972
974
971
971
972
972
972
971
971
971
971
971
970
971
968
968
966
967
965
963
966
968
966
965
964
964
963
963
964
961
959
958
957
958
959
957
956
956
954
953
952
950
952
949
950
948
948
951
950
949
946
948
944
947
943
943
945
944
944
942
943
942
942
941
944
941
941
940
941
940
936
941
938
938
938
937
939
938
935
936
933
939
936
932
935
936
937
937
938
940
944
945
952
957
956
959
963
963
966
964
964
969
969
970
969
968
972
970
969
969
971
971
973
970
969
970
969
968
967
969
964
963
968
961
963
962
961
961
961
963
961
960
961
961
959
959
956
959
963
958
958
955
957
956
956
958
952
952
955
956
953
952
951
952
951
948
950
947
950
948
945
945
944
944
944
944
942
940
940
940
940
941
936
937
938
937
935
937
934
936
936
935
935
936
935
935
935
932
932
931
932
933
932
931
929
932
930
931
930
927
928
928
929
928
929
929
927
926
929
927
927
927
927
927
927
926
925
928
923
924
926
924
925
926
927
927
927
931
932
939
940
944
945
950
951
952
957
955
958
958
961
959
963
963
960
963
963
964
963
961
966
962
963
966
964
962
961
963
961
960
959
957
956
956
956
957
957
956
951
955
955
952
956
954
954
954
952
955
954
954
952
950
953
951
950
949
951
949
949
948
950
946
945
943
947
946
943
943
944
942
941
940
942
941
937
939
939
936
937
935
936
937
938
931
935
936
934
931
934
931
932
933
933
927
932
932
929
927
931
927
926
927
930
928
927
930
927
927
924
924
927
923
924
924
926
925
926
923
923
924
921
924
925
923
920
924
923
919
923
926
924
924
926
927
930
934
941
942
945
947
949
949
952
951
955
955
955
955
958
956
958
957
956
957
953
958
955
956
956
957
953
953
955
952
952
948
948
946
945
947
946
945
947
947
944
944
944
945
944
945
943
944
943
943
943
942
941
942
941
942
940
942
939
939
935
935
937
938
937
935
934
934
930
932
929
931
930
928
929
927
928
926
927
923
923
924
923
921
923
924
924
921
923
920
922
921
918
922
919
919
919
915
920
916
920
917
916
917
916
914
915
915
915
912
912
916
912
915
913
911
915
914
915
917
919
920
927
928
932
936
940
941
938
943
944
944
942
947
948
945
947
950
948
946
950
951
947
950
949
951
946
946
948
947
944
944
944
941
939
940
941
941
940
941
937
935
938
937
936
939
937
939
935
935
934
936
936
936
937
935
934
932
934
934
931
934
931
931
929
929
930
933
928
927
925
927
926
924
924
923
922
923
921
923
918
919
918
918
917
918
918
917
916
916
915
913
914
917
911
913
915
910
912
911
913
911
911
911
911
910
909
908
908
910
911
907
904
909
907
906
909
907
906
907
908
904
905
904
907
910
915
916
918
921
929
931
931
935
936
937
939
940
940
941
943
943
942
944
946
942
944
944
945
945
945
943
945
940
939
939
939
937
938
936
937
939
936
934
937
935
939
935
937
936
935
935
936
937
932
933
934
933
933
935
931
933
935
933
934
931
930
928
929
931
926
927
926
928
926
926
926
925
923
921
925
922
921
920
921
922
920
920
919
917
916
918
915
916
918
916
914
914
915
913
913
913
912
914
913
913
911
913
909
910
908
908
911
909
908
909
909
905
907
906
905
907
906
907
910
910
915
915
919
921
927
926
930
932
930
935
936
936
935
937
937
940
941
938
941
939
939
940
938
936
936
939
935
935
934
934
933
934
929
931
930
929
928
928
928
926
929
931
928
929
928
927
929
925
929
926
928
928
928
925
926
921
927
924
923
921
922
924
922
920
918
920
919
919
920
918
916
917
918
914
915
914
912
909
912
911
911
910
910
911
910
909
908
908
907
905
907
908
904
907
904
903
904
904
903
904
903
900
903
900
900
900
900
900
899
901
898
900
900
905
908
910
915
919
923
924
922
926
924
927
931
931
932
931
934
932
933
935
935
935
935
933
933
928
934
932
933
931
929
927
928
928
927
928
926
926
927
925
920
927
924
926
924
923
925
926
924
924
924
923
924
926
921
919
923
922
921
921
920
918
920
919
919
918
916
919
920
913
917
912
915
913
913
910
908
912
913
911
907
910
908
907
906
907
908
906
906
902
904
904
902
904
903
901
898
900
899
898
899
899
897
897
896
900
894
896
894
894
893
894
890
892
891
892
893
893
890
890
894
892
890
894
892
893
896
897
901
905
910
912
915
916
923
920
920
928
925
927
927
928
927
927
929
928
931
929
930
930
930
932
929
930
929
927
926
928
925
926
925
924
925
925
926
923
923
924
924
924
923
926
923
924
926
926
926
926
924
926
923
922
924
924
924
923
922
920
922
922
922
922
919
919
917
916
918
919
916
914
917
916
915
914
914
914
911
912
911
913
912
911
911
909
911
910
910
910
904
909
907
908
905
907
906
906
908
905
904
904
903
900
900
903
901
903
899
902
901
900
899
903
899
898
901
899
897
900
895
897
896
899
896
897
895
893
895
895
896
894
896
898
901
903
906
911
912
917
917
920
920
923
923
920
924
920
922
920
918
917
919
919
915
919
913
911
908
905
904
902
896
896
891
892
883
883
883
877
876
871
873
868
864
864
862
859
856
855
852
852
852
845
844
842
840
836
836
837
836
832
829
831
828
827
825
820
819
820
817
813
815
810
811
810
809
807
806
803
803
801
801
799
797
796
796
793
792
792
789
787
788
784
785
783
783
780
776
777
779
777
779
772
774
772
771
769
770
763
767
764
761
759
760
757
759
755
753
754
753
749
753
752
755
755
757
759
760
760
759
763
759
760
758
759
758
755
753
756
754
750
750
753
748
747
747
745
743
743
740
739
737
735
733
732
731
731
731
728
726
729
726
726
724
724
720
719
719
721
719
716
716