413
404
404
404
404
404
404
413
413
413
413
413
406
406
406
406
406
416
416
416
416
416
416
418
418
418
418
418
415
415
415
415
415
421
421
421
421
421
421
422
422
422
422
422
429
429
429
429
429
418
418
418
418
418
418
418
418
418
418
418
428
428
428
428
428
409
409
409
409
409
409
403
403
403
403
403
406
406
406
406
406
410
410
410
410
410
410
420
420
420
420
420
407
407
407
407
407
409
409
409
409
409
409
403
403
403
403
403
403
403
403
403
403
417
417
417
417
417
417
432
432
432
432
432
408
408
408
408
408
402
402
402
402
402
402
415
415
415
415
415
384
384
384
384
384
412
412
412
412
412
412
411
411
411
411
411
407
407
407
407
407
422
422
422
422
422
422
424
424
424
424
424
409
409
409
409
409
423
423
423
423
423
423
407
407
407
407
407
413
413
413
413
413
416
416
416
416
416
416
411
411
411
411
411
419
419
419
419
419
413
413
413
413
413
413
422
422
422
422
422
417
417
417
417
417
415
415
415
415
415
415
412
412
412
412
412
407
407
407
407
407
395
395
395
395
395
395
413
413
413
413
413
407
407
407
407
407
397
397
397
397
397
397
411
411
411
411
411
418
418
418
418
418
413
413
413
413
413
413
407
407
407
407
407
413
413
413
413
413
420
420
420
420
420
420
410
410
410
410
410
401
401
401
401
401
418
418
418
418
418
418
423
423
423
423
423
413
413
413
413
413
418
418
418
418
418
418
417
417
417
417
417
415
415
415
415
415
410
410
410
410
410
410
416
416
416
416
416
409
409
409
409
409
408
408
408
408
408
408
413
413
413
413
413
415
415
415
415
415
419
419
419
419
419
419
427
427
427
427
427
420
420
420
420
420
410
410
410
410
410
410
416
416
416
416
416
407
407
407
407
407
400
400
400
400
400
400
418
418
418
418
418
416
416
416
416
416
423
423
423
423
423
423
409
409
409
409
409
412
412
412
412
412
406
406
406
406
406
406
416
416
416
416
416
411
411
411
411
411
413
413
413
413
413
413
415
415
415
415
415
408
408
408
408
408
412
412
412
412
412
412
412
412
412
412
412
417
417
417
417
417
430
430
430
430
430
430
400
400
400
400
400
416
416
416
416
416
403
403
403
403
403
403
393
393
393
393
393
430
430
430
430
430
423
423
423
423
423
423
421
421
421
421
421
402
402
402
402
402
423
423
423
423
423
423
420
420
420
420
420
421
421
421
421
421
415
415
415
415
415
415
423
423
423
423
423
406
406
406
406
406
404
404
404
404
404
404
407
407
407
407
407
420
420
420
420
420
406
406
406
406
406
406
426
426
426
426
426
405
405
405
405
405
408
408
408
408
408
408
408
408
408
408
408
432
432
432
432
432
399
399
399
399
399
399
406
406
406
406
406
411
411
411
411
411
403
403
403
403
403
403
414
414
414
414
414
409
409
409
409
409
420
420
420
420
420
420
417
417
417
417
417
418
418
418
418
418
400
400
400
400
400
400
410
410
410
410
410
409
409
409
409
409
423
423
423
423
423
423
420
420
420
420
420
422
422
422
422
422
404
404
404
404
404
404
410
410
410
410
410
412
412
412
412
412
422
422
422
422
422
422
413
413
413
413
413
430
430
430
430
430
421
421
421
421
421
421
419
419
419
419
419
420
420
420
420
420
410
410
410
410
410
410
435
435
435
435
435
406
406
406
406
406
417
417
417
417
417
417
417
417
417
417
417
416
416
416
416
416
417
417
417
417
417
417
425
425
425
425
425
436
436
436
436
436
418
418
418
418
418
418
412
412
412
412
412
448
448
448
448
448
414
414
414
414
414
414
436
436
436
436
436
440
440
440
440
440
420
420
420
420
420
420
412
412
412
412
412
431
431
431
431
431
411
411
411
411
411
411
442
442
442
442
442
464
464
464
464
464
440
440
440
440
440
440
439
439
439
439
439
427
427
427
427
427
445
445
445
445
445
445
447
447
447
447
447
436
436
436
436
436
455
455
455
455
455
455
430
430
430
430
430
456
456
456
456
456
428
428
428
428
428
428
464
464
464
464
464
442
442
442
442
442
426
426
426
426
426
426
443
443
443
443
443
423
423
423
423
423
432
432
432
432
432
432
427
427
427
427
427
388
388
388
388
388
384
384
384
384
384
384
356
356
356
356
356
365
365
365
365
365
374
374
374
374
374
374
370
370
370
370
370
367
367
367
367
367
378
378
378
378
378
378
374
374
374
374
374
390
390
390
390
390
416
416
416
416
416
416
437
437
437
437
437
467
467
467
467
467
453
453
453
453
453
453
457
457
457
457
457
474
474
474
474
474
470
470
470
470
470
470
458
458
458
458
458
462
462
462
462
462
455
455
455
455
455
455
441
441
441
441
441
447
447
447
447
447
439
439
439
439
439
439
441
441
441
441
441
419
419
419
419
419
458
458
458
458
458
458
468
468
468
468
468
489
489
489
489
489
551
551
551
551
551
551
577
577
577
577
577
628
628
628
628
628
640
640
640
640
640
640
638
638
638
638
638
625
625
625
625
625
582
582
582
582
582
582
533
533
533
533
533
496
496
496
496
496
468
468
468
468
468
468
429
429
429
429
429
415
415
415
415
415
392
392
392
392
392
392
370
370
370
370
370
374
374
374
374
374
373
373
373
373
373
373
380
380
380
380
380
375
375
375
375
375
378
378
378
378
378
378
404
404
404
404
404
436
436
436
436
436
466
466
466
466
466
466
497
497
497
497
497
505
505
505
505
505
495
495
495
495
495
495
508
508
508
508
508
497
497
497
497
497
495
495
495
495
495
495
457
457
457
457
457
432
432
432
432
432
413
413
413
413
413
413
398
398
398
398
398
381
381
381
381
381
397
397
397
397
397
397
385
385
385
385
385
384
384
384
384
384
419
419
419
419
419
419
431
431
431
431
431
465
465
465
465
465
473
473
473
473
473
473
457
457
457
457
457
441
441
441
441
441
440
440
440
440
440
440
399
399
399
399
399
373
373
373
373
373
360
360
360
360
360
360
342
342
342
342
342
339
339
339
339
339
317
317
317
317
317
317
323
323
323
323
323
315
315
315
315
315
311
311
311
311
311
311
322
322
322
322
322
320
320
320
320
320
333
333
333
333
333
333
347
347
347
347
347
364
364
364
364
364
389
389
389
389
389
389
426
426
426
426
426
446
446
446
446
446
429
429
429
429
429
429
423
423
423
423
423
400
400
400
400
400
365
365
365
365
365
365
347
347
347
347
347
335
335
335
335
335
313
313
313
313
313
313
313
313
313
313
313
319
319
319
319
319
313
313
313
313
313
313
330
330
330
330
330
335
335
335
335
335
352
352
352
352
352
352
365
365
365
365
365
403
403
403
403
403
491
491
491
491
491
491
561
561
561
561
561
619
619
619
619
619
633
633
633
633
633
633
586
586
586
586
586
481
481
481
481
481
423
423
423
423
423
423
391
391
391
391
391
364
364
364
364
364
349
349
349
349
349
349
334
334
334
334
334
335
335
335
335
335
330
330
330
330
330
330
338
338
338
338
338
348
348
348
348
348
348
348
348
348
348
348
368
368
368
368
368
382
382
382
382
382
418
418
418
418
418
418
431
431
431
431
431
480
480
480
480
480
519
519
519
519
519
519
522
522
522
522
522
526
526
526
526
526
478
478
478
478
478
478
434
434
434
434
434
405
405
405
405
405
366
366
366
366
366
366
376
376
376
376
376
357
357
357
357
357
362
362
362
362
362
362
339
339
339
339
339
349
349
349
349
349
336
336
336
336
336
336
321
321
321
321
321
318
318
318
318
318
309
309
309
309
309
309
315
315
315
315
315
289
289
289
289
289
287
287
287
287
287
287
287
287
287
287
287
287
287
287
287
287
286
286
286
286
286
286
295
295
295
295
295
290
290
290
290
290
309
309
309
309
309
309
326
326
326
326
326
393
393
393
393
393
774
774
774
774
774
774
1774
1774
1774
1774
1774
2461
2461
2461
2461
2461
2548
2548
2548
2548
2548
2548
2513
2513
2513
2513
2513
2537
2537
2537
2537
2537
2565
2565
2565
2565
2565
2565
2480
2480
2480
2480
2480
2243
2243
2243
2243
2243
1653
1653
1653
1653
1653
1653
945
945
945
945
945
477
477
477
477
477
401
401
401
401
401
401
355
355
355
355
355
362
362
362
362
362
354
354
354
354
354
354
373
373
373
373
373
408
408
408
408
408
451
451
451
451
451
451
539
539
539
539
539
659
659
659
659
659
707
707
707
707
707
707
772
772
772
772
772
676
676
676
676
676
605
605
605
605
605
605
513
513
513
513
513
460
460
460
460
460
409
409
409
409
409
409
380
380
380
380
380
371
371
371
371
371
373
373
373
373
373
373
361
361
361
361
361
350
350
350
350
350
365
365
365
365
365
365
362
362
362
362
362
355
355
355
355
355
382
382
382
382
382
382
396
396
396
396
396
413
413
413
413
413
441
441
441
441
441
441
446
446
446
446
446
497
497
497
497
497
511
511
511
511
511
511
537
537
537
537
537
506
506
506
506
506
469
469
469
469
469
469
448
448
448
448
448
432
432
432
432
432
383
383
383
383
383
383
344
344
344
344
344
346
346
346
346
346
338
338
338
338
338
338
325
325
325
325
325
316
316
316
316
316
313
313
313
313
313
313
329
329
329
329
329
329
329
329
329
329
370
370
370
370
370
370
350
350
350
350
350
346
346
346
346
346
355
355
355
355
355
355
354
354
354
354
354
370
370
370
370
370
363
363
363
363
363
363
383
383
383
383
383
370
370
370
370
370
383
383
383
383
383
383
369
369
369
369
369
360
360
360
360
360
363
363
363
363
363
363
352
352
352
352
352
363
363
363
363
363
342
342
342
342
342
342
347
347
347
347
347
345
345
345
345
345
366
366
366
366
366
366
349
349
349
349
349
371
371
371
371
371
354
354
354
354
354
354
365
365
365
365
365
359
359
359
359
359
349
349
349
349
349
349
361
361
361
361
361
356
356
356
356
356
356
356
356
356
356
356
342
342
342
342
342
339
339
339
339
339
338
338
338
338
338
338
329
329
329
329
329
345
345
345
345
345
351
351
351
351
351
351
360
360
360
360
360
386
386
386
386
386
416
416
416
416
416
416
438
438
438
438
438
493
493
493
493
493
543
543
543
543
543
543
581
581
581
581
581
573
573
573
573
573
605
605
605
605
605
605
495
495
495
495
495
521
521
521
521
521
445
445
445
445
445
445
443
443
443
443
443
404
404
404
404
404
388
388
388
388
388
388
397
397
397
397
397
377
377
377
377
377
360
360
360
360
360
360
365
365
365
365
365
372
372
372
372
372
357
357
357
357
357
357
373
373
373
373
373
366
366
366
366
366
378
378
378
378
378
378
371
371
371
371
371
390
390
390
390
390
393
393
393
393
393
393
405
405
405
405
405
422
422
422
422
422
401
401
401
401
401
401
415
415
415
415
415
388
388
388
388
388
393
393
393
393
393
393
379
379
379
379
379
376
376
376
376
376
379
379
379
379
379
379
375
375
375
375
375
386
386
386
386
386
394
394
394
394
394
394
422
422
422
422
422
463
463
463
463
463
494
494
494
494
494
494
548
548
548
548
548
559
559
559
559
559
587
587
587
587
587
587
553
553
553
553
553
502
502
502
502
502
434
434
434
434
434
434
386
386
386
386
386
389
389
389
389
389
367
367
367
367
367
367
355
355
355
355
355
344
344
344
344
344
330
330
330
330
330
330
314
314
314
314
314
335
335
335
335
335
321
321
321
321
321
321
335
335
335
335
335
338
338
338
338
338
346
346
346
346
346
346
350
350
350
350
350
354
354
354
354
354
370
370
370
370
370
370
349
349
349
349
349
345
345
345
345
345
361
361
361
361
361
361
351
351
351
351
351
342
342
342
342
342
348
348
348
348
348
348
342
342
342
342
342
352
352
352
352
352
359
359
359
359
359
359
351
351
351
351
351
348
348
348
348
348
363
363
363
363
363
363
361
361
361
361
361
372
372
372
372
372
359
359
359
359
359
359
354
354
354
354
354
338
338
338
338
338
340
340
340
340
340
340
326
326
326
326
326
307
307
307
307
307
303
303
303
303
303
303
295
295
295
295
295
291
291
291
291
291
294
294
294
294
294
294
306
306
306
306
306
295
295
295
295
295
304
304
304
304
304
304
305
305
305
305
305
332
332
332
332
332
341
341
341
341
341
341
359
359
359
359
359
374
374
374
374
374
384
384
384
384
384
384
393
393
393
393
393
391
391
391
391
391
413
413
413
413
413
413
402
402
402
402
402
396
396
396
396
396
397
397
397
397
397
397
398
398
398
398
398
413
413
413
413
413
410
410
410
410
410
410
439
439
439
439
439
474
474
474
474
474
526
526
526
526
526
526
601
601
601
601
601
686
686
686
686
686
802
802
802
802
802
802
863
863
863
863
863
868
868
868
868
868
829
829
829
829
829
829
778
778
778
778
778
698
698
698
698
698
625
625
625
625
625
625
520
520
520
520
520
458
458
458
458
458
443
443
443
443
443
443
394
394
394
394
394
391
391
391
391
391
381
381
381
381
381
381
370
370
370
370
370
369
369
369
369
369
384
384
384
384
384
384
404
404
404
404
404
391
391
391
391
391
413
413
413
413
413
413
416
416
416
416
416
439
439
439
439
439
438
438
438
438
438
438
431
431
431
431
431
456
456
456
456
456
430
430
430
430
430
430
429
429
429
429
429
426
426
426
426
426
402
402
402
402
402
402
409
409
409
409
409
407
407
407
407
407
401
401
401
401
401
401
410
410
410
410
410
416
416
416
416
416
408
408
408
408
408
408
393
393
393
393
393
409
409
409
409
409
405
405
405
405
405
405
409
409
409
409
409
419
419
419
419
419
387
387
387
387
387
387
379
379
379
379
379
373
373
373
373
373
378
378
378
378
378
378
377
377
377
377
377
362
362
362
362
362
368
368
368
368
368
368
366
366
366
366
366
365
365
365
365
365
366
366
366
366
366
366
364
364
364
364
364
366
366
366
366
366
365
365
365
365
365
365
369
369
369
369
369
369
369
369
369
369
376
376
376
376
376
376
380
380
380
380
380
383
383
383
383
383
371
371
371
371
371
371
371
371
371
371
371
370
370
370
370
370
376
376
376
376
376
376
371
371
371
371
371
383
383
383
383
383
371
371
371
371
371
371
368
368
368
368
368
382
382
382
382
382
382
382
382
382
382
382
383
383
383
383
383
389
389
389
389
389
381
381
381
381
381
381
387
387
387
387
387
384
384
384
384
384
389
389
389
389
389
389
384
384
384
384
384
386
386
386
386
386
383
383
383
383
383
383
384
384
384
384
384
386
386
386
386
386
383
383
383
383
383
383
392
392
392
392
392
386
386
386
386
386
400
400
400
400
400
400
431
431
431
431
431
426
426
426
426
426
416
416
416
416
416
416
413
413
413
413
413
430
430
430
430
430
415
415
415
415
415
415
405
405
405
405
405
404
404
404
404
404
393
393
393
393
393
393
405
405
405
405
405
400
400
400
400
400
410
410
410
410
410
410
388
388
388
388
388
393
393
393
393
393
407
407
407
407
407
407
410
410
410
410
410
414
414
414
414
414
422
422
422
422
422
422
426
426
426
426
426
421
421
421
421
421
399
399
399
399
399
399
407
407
407
407
407
405
405
405
405
405
401
401
401
401
401
401
383
383
383
383
383
381
381
381
381
381
372
372
372
372
372
372
373
373
373
373
373
379
379
379
379
379
364
364
364
364
364
364
371
371
371
371
371
369
369
369
369
369
375
375
375
375
375
375
375
375
375
375
375
374
374
374
374
374
360
360
360
360
360
360
362
362
362
362
362
365
365
365
365
365
354
354
354
354
354
354
358
358
358
358
358
369
369
369
369
369
354
354
354
354
354
354
354
354
354
354
354
351
351
351
351
351
365
365
365
365
365
365
357
357
357
357
357
365
365
365
365
365
353
353
353
353
353
353
364
364
364
364
364
369
369
369
369
369
365
365
365
365
365
365
373
373
373
373
373
366
366
366
366
366
368
368
368
368
368
368
361
361
361
361
361
364
364
364
364
364
372
372
372
372
372
372
373
373
373
373
373
358
358
358
358
358
358
358
358
358
358
358
357
357
357
357
357
353
353
353
353
353
359
359
359
359
359
359
365
365
365
365
365
369
369
369
369
369
364
364
364
364
364
364
371
371
371
371
371
379
379
379
379
379
378
378
378
378
378
378
377
377
377
377
377
396
396
396
396
396
388
388
388
388
388
388
406
406
406
406
406
386
386
386
386
386
394
394
394
394
394
394
386
386
386
386
386
418
418
418
418
418
400
400
400
400
400
400
433
433
433
433
433
399
399
399
399
399
428
428
428
428
428
428
420
420
420
420
420
398
398
398
398
398
419
419
419
419
419
419
420
420
420
420
420
404
404
404
404
404
412
412
412
412
412
412
403
403
403
403
403
412
412
412
412
412
397
397
397
397
397
397
405
405
405
405
405
409
409
409
409
409
399
399
399
399
399
399
409
409
409
409
409
409
409
409
409
409
392
392
392
392
392
392
404
404
404
404
404
419
419
419
419
419
402
402
402
402
402
402
403
403
403
403
403
404
404
404
404
404
400
400
400
400
400
400
415
415
415
415
415
396
396
396
396
396
407
407
407
407
407
407
401
401
401
401
401
403
403
403
403
403
405
405
405
405
405
405
386
386
386
386
386
387
387
387
387
387
394
394
394
394
394
394
392
392
392
392
392
399
399
399
399
399
403
403
403
403
403
403
403
403
403
403
403
393
393
393
393
393
405
405
405
405
405
405
420
420
420
420
420
391
391
391
391
391
398
398
398
398
398
398
388
388
388
388
388
391
391
391
391
391
382
382
382
382
382
382
389
389
389
389
389
382
382
382
382
382
385
385
385
385
385
385
374
374
374
374
374
378
378
378
378
378
375
375
375
375
375
375
370
370
370
370
370
380
380
380
380
380
380
380
380
380
380
380
393
393
393
393
393
373
373
373
373
373
403
403
403
403
403
403
387
387
387
387
387
397
397
397
397
397
389
389
389
389
389
389
383
383
383
383
383
376
376
376
376
376
398
398
398
398
398
398
399
399
399
399
399
380
380
380
380
380
388
388
388
388
388
388
374
374
374
374
374
378
378
378
378
378
387
387
387
387
387
387
384
384
384
384
384
403
403
403
403
403
395
395
395
395
395
395
400
400
400
400
400
383
383
383
383
383
382
382
382
382
382
382
380
380
380
380
380
386
386
386
386
386
391
391
391
391
391
391
368
368
368
368
368
379
379
379
379
379
403
403
403
403
403
403
394
394
394
394
394
394
394
394
394
394
383
383
383
383
383
383
400
400
400
400
400
400
400
400
400
400
387
387
387
387
387
387
382
382
382
382
382
400
400
400
400
400
386
386
386
386
386
386
378
378
378
378
378
375
375
375
375
375
381
381
381
381
381
381
378
378
378
378
378
394
394
394
394
394
386
386
386
386
386
386
390
390
390
390
390
384
384
384
384
384
390
390
390
390
390
390
387
387
387
387
387
402
402
402
402
402
399
399
399
399
399
399
393
393
393
393
393
387
387
387
387
387
413
413
413
413
413
413
396
396
396
396
396
388
388
388
388
388
391
391
391
391
391
391
375
375
375
375
375
376
376
376
376
376
376
376
376
376
376
376
393
393
393
393
393
368
368
368
368
368
367
367
367
367
367
367
370
370
370
370
370
356
356
356
356
356
373
373
373
373
373
373
371
371
371
371
371
382
382
382
382
382
376
376
376
376
376
376
385
385
385
385
385
377
377
377
377
377
383
383
383
383
383
383
391
391
391
391
391
404
404
404
404
404
381
381
381
381
381
381
384
384
384
384
384
381
381
381
381
381
372
372
372
372
372
372
378
378
378
378
378
379
379
379
379
379
368
368
368
368
368
368
368
368
368
368
368
365
365
365
365
365
382
382
382
382
382
382
363
363
363
363
363
383
383
383
383
383
384
384
384
384
384
384
381
381
381
381
381
382
382
382
382
382
369
369
369
369
369
369
370
370
370
370
370
369
369
369
369
369
372
372
372
372
372
372
384
384
384
384
384
381
381
381
381
381
366
366
366
366
366
366
386
386
386
386
386
364
364
364
364
364
370
370
370
370
370
370
381
381
381
381
381
368
368
368
368
368
359
359
359
359
359
359
368
368
368
368
368
385
385
385
385
385
378
378
378
378
378
378
377
377
377
377
377
387
387
387
387
387
382
382
382
382
382
382
366
366
366
366
366
380
380
380
380
380
379
379
379
379
379
379
388
388
388
388
388
383
383
383
383
383
382
382
382
382
382
382
368
368
368
368
368
371
371
371
371
371
378
378
378
378
378
378
383
383
383
383
383
386
386
386
386
386
382
382
382
382
382
382
377
377
377
377
377
385
385
385
385
385
386
386
386
386
386
386
394
394
394
394
394
403
403
403
403
403
389
389
389
389
389
389
393
393
393
393
393
383
383
383
383
383
389
389
389
389
389
389
396
396
396
396
396
389
389
389
389
389
410
410
410
410
410
410
396
396
396
396
396
397
397
397
397
397
397
397
397
397
397
397
398
398
398
398
398
407
407
407
407
407
392
392
392
392
392
392
409
409
409
409
409
390
390
390
390
390
412
412
412
412
412
412
397
397
397
397
397
402
402
402
402
402
396
396
396
396
396
396
391
391
391
391
391
401
401
401
401
401
410
410
410
410
410
410
397
397
397
397
397
405
405
405
405
405
394
394
394
394
394
394
394
394
394
394
394
407
407
407
407
407
377
377
377
377
377
377
412
412
412
412
412
405
405
405
405
405
404
404
404
404
404
404
401
401
401
401
401
388
388
388
388
388
383
383
383
383
383
383
397
397
397
397
397
383
383
383
383
383
382
382
382
382
382
382
375
375
375
375
375
377
377
377
377
377
371
371
371
371
371
371
379
379
379
379
379
389
389
389
389
389
384
384
384
384
384
384
380
380
380
380
380
381
381
381
381
381
379
379
379
379
379
379
399
399
399
399
399
397
397
397
397
397
397
397
397
397
397
397
423
423
423
423
423
387
387
387
387
387
402
402
402
402
402
402
393
393
393
393
393
396
396
396
396
396
397
397
397
397
397
397
401
401
401
401
401
371
371
371
371
371
397
397
397
397
397
397
373
373
373
373
373
386
386
386
386
386
379
379
379
379
379
379
390
390
390
390
390
399
399
399
399
399
385
385
385
385
385
385
389
389
389
389
389
386
386
386
386
386
381
381
381
381
381
381
384
384
384
384
384
379
379
379
379
379
386
386
386
386
386
386
381
381
381
381
381
396
396
396
396
396
376
376
376
376
376
376