743
743
743
743
680
680
680
680
680
680
621
621
621
621
621
572
572
572
572
572
563
563
563
563
563
563
544
544
544
544
544
583
583
583
583
583
654
654
654
654
654
654
713
713
713
713
713
807
807
807
807
807
881
881
881
881
881
881
948
948
948
948
948
1012
1012
1012
1012
1012
1038
1038
1038
1038
1038
1038
1049
1049
1049
1049
1049
1015
1015
1015
1015
1015
973
973
973
973
973
973
924
924
924
924
924
894
894
894
894
894
833
833
833
833
833
833
826
826
826
826
826
824
824
824
824
824
821
821
821
821
821
821
861
861
861
861
861
894
894
894
894
894
918
918
918
918
918
918
958
958
958
958
958
964
964
964
964
964
935
935
935
935
935
935
886
886
886
886
886
777
777
777
777
777
682
682
682
682
682
682
570
570
570
570
570
429
429
429
429
429
336
336
336
336
336
336
268
268
268
268
268
231
231
231
231
231
250
250
250
250
250
250
275
275
275
275
275
356
356
356
356
356
447
447
447
447
447
447
535
535
535
535
535
616
616
616
616
616
672
672
672
672
672
672
672
672
672
672
672
647
647
647
647
647
579
579
579
579
579
579
489
489
489
489
489
409
409
409
409
409
350
350
350
350
350
350
337
337
337
337
337
354
354
354
354
354
424
424
424
424
424
424
539
539
539
539
539
718
718
718
718
718
903
903
903
903
903
903
1118
1118
1118
1118
1118
1292
1292
1292
1292
1292
1429
1429
1429
1429
1429
1429
1532
1532
1532
1532
1532
1573
1573
1573
1573
1573
1578
1578
1578
1578
1578
1578
1486
1486
1486
1486
1486
1365
1365
1365
1365
1365
1201
1201
1201
1201
1201
1201
972
972
972
972
972
810
810
810
810
810
657
657
657
657
657
657
502
502
502
502
502
381
381
381
381
381
257
257
257
257
257
257
168
168
168
168
168
110
110
110
110
110
81
81
81
81
81
81
84
84
84
84
84
95
95
95
95
95
110
110
110
110
110
110
159
159
159
159
159
205
205
205
205
205
278
278
278
278
278
278
352
352
352
352
352
434
434
434
434
434
563
563
563
563
563
563
677
677
677
677
677
867
867
867
867
867
1131
1131
1131
1131
1131
1131
1474
1474
1474
1474
1474
1797
1797
1797
1797
1797
2124
2124
2124
2124
2124
2124
2334
2334
2334
2334
2334
2395
2395
2395
2395
2395
2378
2378
2378
2378
2378
2378
2228
2228
2228
2228
2228
2016
2016
2016
2016
2016
1795
1795
1795
1795
1795
1795
1593
1593
1593
1593
1593
1415
1415
1415
1415
1415
1356
1356
1356
1356
1356
1356
1367
1367
1367
1367
1367
1417
1417
1417
1417
1417
1454
1454
1454
1454
1454
1454
1514
1514
1514
1514
1514
1523
1523
1523
1523
1523
1458
1458
1458
1458
1458
1458
1376
1376
1376
1376
1376
1214
1214
1214
1214
1214
1036
1036
1036
1036
1036
1036
884
884
884
884
884
735
735
735
735
735
603
603
603
603
603
603
532
532
532
532
532
478
478
478
478
478
434
434
434
434
434
434
429
429
429
429
429
455
455
455
455
455
474
474
474
474
474
474
535
535
535
535
535
577
577
577
577
577
634
634
634
634
634
634
685
685
685
685
685
714
714
714
714
714
750
750
750
750
750
750
773
773
773
773
773
762
762
762
762
762
781
781
781
781
781
781
760
760
760
760
760
744
744
744
744
744
718
718
718
718
718
718
722
722
722
722
722
733
733
733
733
733
757
757
757
757
757
757
773
773
773
773
773
793
793
793
793
793
844
844
844
844
844
844
888
888
888
888
888
900
900
900
900
900
900
900
900
900
900
900
888
888
888
888
888
855
855
855
855
855
802
802
802
802
802
802
756
756
756
756
756
731
731
731
731
731
687
687
687
687
687
687
704
704
704
704
704
728
728
728
728
728
760
760
760
760
760
760
804
804
804
804
804
851
851
851
851
851
863
863
863
863
863
863
858
858
858
858
858
826
826
826
826
826
798
798
798
798
798
798
782
782
782
782
782
759
759
759
759
759
743
743
743
743
743
743
770
770
770
770
770
809
809
809
809
809
829
829
829
829
829
829
872
872
872
872
872
906
906
906
906
906
952
952
952
952
952
952
953
953
953
953
953
934
934
934
934
934
895
895
895
895
895
895
852
852
852
852
852
821
821
821
821
821
768
768
768
768
768
768
736
736
736
736
736
719
719
719
719
719
731
731
731
731
731
731
753
753
753
753
753
758
758
758
758
758
828
828
828
828
828
828
895
895
895
895
895
940
940
940
940
940
995
995
995
995
995
995
1065
1065
1065
1065
1065
1130
1130
1130
1130
1130
1158
1158
1158
1158
1158
1158
1150
1150
1150
1150
1150
1129
1129
1129
1129
1129
1071
1071
1071
1071
1071
1071
1037
1037
1037
1037
1037
952
952
952
952
952
877
877
877
877
877
877
841
841
841
841
841
835
835
835
835
835
862
862
862
862
862
862
911
911
911
911
911
950
950
950
950
950
996
996
996
996
996
996
1016
1016
1016
1016
1016
1061
1061
1061
1061
1061
1081
1081
1081
1081
1081
1081
1075
1075
1075
1075
1075
1047
1047
1047
1047
1047
1037
1037
1037
1037
1037
1037
1011
1011
1011
1011
1011
974
974
974
974
974
929
929
929
929
929
929
898
898
898
898
898
888
888
888
888
888
888
888
888
888
888
888
895
895
895
895
895
926
926
926
926
926
944
944
944
944
944
944
997
997
997
997
997
989
989
989
989
989
994
994
994
994
994
994
982
982
982
982
982
945
945
945
945
945
920
920
920
920
920
920
887
887
887
887
887
857
857
857
857
857
846
846
846
846
846
846
829
829
829
829
829
842
842
842
842
842
843
843
843
843
843
843
833
833
833
833
833
876
876
876
876
876
908
908
908
908
908
908
956
956
956
956
956
1021
1021
1021
1021
1021
1060
1060
1060
1060
1060
1060
1078
1078
1078
1078
1078
1103
1103
1103
1103
1103
1103
1103
1103
1103
1103
1103
1096
1096
1096
1096
1096
1066
1066
1066
1066
1066
1051
1051
1051
1051
1051
1051
1014
1014
1014
1014
1014
988
988
988
988
988
995
995
995
995
995
995
990
990
990
990
990
995
995
995
995
995
1011
1011
1011
1011
1011
1011
989
989
989
989
989
968
968
968
968
968
964
964
964
964
964
964
942
942
942
942
942
900
900
900
900
900
881
881
881
881
881
881
867
867
867
867
867
832
832
832
832
832
831
831
831
831
831
831
819
819
819
819
819
787
787
787
787
787
783
783
783
783
783
783
764
764
764
764
764
751
751
751
751
751
753
753
753
753
753
753
762
762
762
762
762
793
793
793
793
793
821
821
821
821
821
821
889
889
889
889
889
932
932
932
932
932
990
990
990
990
990
990
1017
1017
1017
1017
1017
1042
1042
1042
1042
1042
1053
1053
1053
1053
1053
1053
1066
1066
1066
1066
1066
1046
1046
1046
1046
1046
1053
1053
1053
1053
1053
1053
1056
1056
1056
1056
1056
1032
1032
1032
1032
1032
1036
1036
1036
1036
1036
1036
1003
1003
1003
1003
1003
956
956
956
956
956
935
935
935
935
935
935
867
867
867
867
867
807
807
807
807
807
778
778
778
778
778
778
724
724
724
724
724
673
673
673
673
673
674
674
674
674
674
674
671
671
671
671
671
677
677
677
677
677
704
704
704
704
704
704
717
717
717
717
717
749
749
749
749
749
773
773
773
773
773
773
789
789
789
789
789
824
824
824
824
824
830
830
830
830
830
830
859
859
859
859
859
859
859
859
859
859
885
885
885
885
885
885
895
895
895
895
895
910
910
910
910
910
893
893
893
893
893
893
876
876
876
876
876
865
865
865
865
865
860
860
860
860
860
860
852
852
852
852
852
867
867
867
867
867
864
864
864
864
864
864
856
856
856
856
856
873
873
873
873
873
886
886
886
886
886
886
905
905
905
905
905
896
896
896
896
896
898
898
898
898
898
898
883
883
883
883
883
879
879
879
879
879
858
858
858
858
858
858
823
823
823
823
823
817
817
817
817
817
808
808
808
808
808
808
802
802
802
802
802
818
818
818
818
818
832
832
832
832
832
832
845
845
845
845
845
843
843
843
843
843
864
864
864
864
864
864
851
851
851
851
851
854
854
854
854
854
861
861
861
861
861
861
873
873
873
873
873
882
882
882
882
882
910
910
910
910
910
910
932
932
932
932
932
928
928
928
928
928
946
946
946
946
946
946
945
945
945
945
945
919
919
919
919
919
949
949
949
949
949
949
936
936
936
936
936
943
943
943
943
943
927
927
927
927
927
927
944
944
944
944
944
941
941
941
941
941
949
949
949
949
949
949
953
953
953
953
953
939
939
939
939
939
921
921
921
921
921
921
896
896
896
896
896
882
882
882
882
882
878
878
878
878
878
878
889
889
889
889
889
891
891
891
891
891
910
910
910
910
910
910
921
921
921
921
921
949
949
949
949
949
946
946
946
946
946
946
975
975
975
975
975
964
964
964
964
964
961
961
961
961
961
961
934
934
934
934
934
929
929
929
929
929
930
930
930
930
930
930
921
921
921
921
921
931
931
931
931
931
960
960
960
960
960
960
945
945
945
945
945
983
983
983
983
983
984
984
984
984
984
984
993
993
993
993
993
981
981
981
981
981
978
978
978
978
978
978
945
945
945
945
945
908
908
908
908
908
925
925
925
925
925
925
894
894
894
894
894
907
907
907
907
907
917
917
917
917
917
917
887
887
887
887
887
897
897
897
897
897
900
900
900
900
900
900
884
884
884
884
884
885
885
885
885
885
897
897
897
897
897
897
881
881
881
881
881
862
862
862
862
862
878
878
878
878
878
878
874
874
874
874
874
896
896
896
896
896
881
881
881
881
881
881
912
912
912
912
912
928
928
928
928
928
931
931
931
931
931
931
935
935
935
935
935
928
928
928
928
928
940
940
940
940
940
940
940
940
940
940
940
950
950
950
950
950
944
944
944
944
944
944
978
978
978
978
978
976
976
976
976
976
971
971
971
971
971
971
972
972
972
972
972
955
955
955
955
955
950
950
950
950
950
950
936
936
936
936
936
918
918
918
918
918
908
908
908
908
908
908
919
919
919
919
919
904
904
904
904
904
909
909
909
909
909
909
890
890
890
890
890
916
916
916
916
916
909
909
909
909
909
909
880
880
880
880
880
895
895
895
895
895
869
869
869
869
869
869
846
846
846
846
846
855
855
855
855
855
880
880
880
880
880
880
868
868
868
868
868
874
874
874
874
874
894
894
894
894
894
894
890
890
890
890
890
911
911
911
911
911
872
872
872
872
872
872
879
879
879
879
879
841
841
841
841
841
842
842
842
842
842
842
822
822
822
822
822
819
819
819
819
819
831
831
831
831
831
831
825
825
825
825
825
828
828
828
828
828
834
834
834
834
834
834
862
862
862
862
862
882
882
882
882
882
897
897
897
897
897
897
907
907
907
907
907
914
914
914
914
914
930
930
930
930
930
930
924
924
924
924
924
919
919
919
919
919
908
908
908
908
908
908
892
892
892
892
892
886
886
886
886
886
891
891
891
891
891
891
894
894
894
894
894
872
872
872
872
872
857
857
857
857
857
857
835
835
835
835
835
855
855
855
855
855
846
846
846
846
846
846
860
860
860
860
860
872
872
872
872
872
868
868
868
868
868
868
897
897
897
897
897
876
876
876
876
876
854
854
854
854
854
854
861
861
861
861
861
830
830
830
830
830
822
822
822
822
822
822
817
817
817
817
817
796
796
796
796
796
806
806
806
806
806
806
833
833
833
833
833
865
865
865
865
865
889
889
889
889
889
889
914
914
914
914
914
914
914
914
914
914
940
940
940
940
940
940
944
944
944
944
944
940
940
940
940
940
939
939
939
939
939
939
926
926
926
926
926
924
924
924
924
924
902
902
902
902
902
902
896
896
896
896
896
905
905
905
905
905
879
879
879
879
879
879
884
884
884
884
884
863
863
863
863
863
864
864
864
864
864
877
877
877
877
877
877
864
864
864
864
864
871
871
871
871
871
871
868
868
868
868
868
884
884
884
884
884
897
897
897
897
897
897
913
913
913
913
913
912
912
912
912
912
919
919
919
919
919
919
913
913
913
913
913
898
898
898
898
898
900
900
900
900
900
900
922
922
922
922
922
935
935
935
935
935
960
960
960
960
960
960
946
946
946
946
946
940
940
940
940
940
953
953
953
953
953
953
954
954
954
954
954
942
942
942
942
942
923
923
923
923
923
923
926
926
926
926
926
893
893
893
893
893
894
894
894
894
894
894
865
865
865
865
865
860
860
860
860
860
854
854
854
854
854
854
854
854
854
854
854
850
850
850
850
850
861
861
861
861
861
861
860
860
860
860
860
875
875
875
875
875
890
890
890
890
890
890
886
886
886
886
886
898
898
898
898
898
902
902
902
902
902
902
893
893
893
893
893
903
903
903
903
903
910
910
910
910
910
910
911
911
911
911
911
905
905
905
905
905
925
925
925
925
925
925
905
905
905
905
905
894
894
894
894
894
903
903
903
903
903
903
931
931
931
931
931
940
940
940
940
940
944
944
944
944
944
944
955
955
955
955
955
969
969
969
969
969
964
964
964
964
964
964
971
971
971
971
971
968
968
968
968
968
946
946
946
946
946
946
927
927
927
927
927
906
906
906
906
906
898
898
898
898
898
898
889
889
889
889
889
885
885
885
885
885
888
888
888
888
888
888
891
891
891
891
891
886
886
886
886
886
882
882
882
882
882
882
891
891
891
891
891
882
882
882
882
882
865
865
865
865
865
865
865
865
865
865
865
857
857
857
857
857
849
849
849
849
849
849
853
853
853
853
853
870
870
870
870
870
879
879
879
879
879
879
886
886
886
886
886
897
897
897
897
897
913
913
913
913
913
913
914
914
914
914
914
914
914
914
914
914
924
924
924
924
924
924
932
932
932
932
932
928
928
928
928
928
916
916
916
916
916
916
919
919
919
919
919
902
902
902
902
902
898
898
898
898
898
898
897
897
897
897
897
881
881
881
881
881
863
863
863
863
863
863
850
850
850
850
850
842
842
842
842
842
840
840
840
840
840
840
838
838
838
838
838
819
819
819
819
819
830
830
830
830
830
830
843
843
843
843
843
830
830
830
830
830
828
828
828
828
828
828
831
831
831
831
831
837
837
837
837
837
824
824
824
824
824
824
814
814
814
814
814
801
801
801
801
801
792
792
792
792
792
792
804
804
804
804
804
810
810
810
810
810
805
805
805
805
805
805
812
812
812
812
812
814
814
814
814
814
830
830
830
830
830
830
834
834
834
834
834
844
844
844
844
844
840
840
840
840
840
840
849
849
849
849
849
837
837
837
837
837
847
847
847
847
847
847
838
838
838
838
838
830
830
830
830
830
838
838
838
838
838
838
851
851
851
851
851
837
837
837
837
837
850
850
850
850
850
850
855
855
855
855
855
886
886
886
886
886
892
892
892
892
892
892
900
900
900
900
900
894
894
894
894
894
883
883
883
883
883
883
874
874
874
874
874
865
865
865
865
865
858
858
858
858
858
858
855
855
855
855
855
831
831
831
831
831
826
826
826
826
826
826
820
820
820
820
820
827
827
827
827
827
826
826
826
826
826
826
846
846
846
846
846
836
836
836
836
836
841
841
841
841
841
841
859
859
859
859
859
852
852
852
852
852
849
849
849
849
849
849
856
856
856
856
856
838
838
838
838
838
823
823
823
823
823
823
819
819
819
819
819
826
826
826
826
826
809
809
809
809
809
809
817
817
817
817
817
829
829
829
829
829
831
831
831
831
831
831
837
837
837
837
837
846
846
846
846
846
843
843
843
843
843
843
850
850
850
850
850
868
868
868
868
868
850
850
850
850
850
850
848
848
848
848
848
844
844
844
844
844
848
848
848
848
848
848
841
841
841
841
841
843
843
843
843
843
843
843
843
843
843
843
841
841
841
841
841
834
834
834
834
834
829
829
829
829
829
829
822
822
822
822
822
838
838
838
838
838
843
843
843
843
843
843
878
878
878
878
878
843
843
843
843
843
881
881
881
881
881
881
868
868
868
868
868
878
878
878
878
878
866
866
866
866
866
866
874
874
874
874
874
860
860
860
860
860
853
853
853
853
853
853
867
867
867
867
867
851
851
851
851
851
862
862
862
862
862
862
872
872
872
872
872
897
897
897
897
897
911
911
911
911
911
911
918
918
918
918
918
923
923
923
923
923
926
926
926
926
926
926
926
926
926
926
926
915
915
915
915
915
916
916
916
916
916
916
908
908
908
908
908
908
908
908
908
908
914
914
914
914
914
914
896
896
896
896
896
907
907
907
907
907
902
902
902
902
902
902
927
927
927
927
927
917
917
917
917
917
913
913
913
913
913
913
922
922
922
922
922
936
936
936
936
936
946
946
946
946
946
946
954
954
954
954
954
967
967
967
967
967
973
973
973
973
973
973
959
959
959
959
959
973
973
973
973
973
988
988
988
988
988
988
968
968
968
968
968
981
981
981
981
981
971
971
971
971
971
971
985
985
985
985
985
976
976
976
976
976
1005
1005
1005
1005
1005
1005
1014
1014
1014
1014
1014
1037
1037
1037
1037
1037
1040
1040
1040
1040
1040
1040
1035
1035
1035
1035
1035
1001
1001
1001
1001
1001
1009
1009
1009
1009
1009
1009
989
989
989
989
989
974
974
974
974
974
968
968
968
968
968
968
938
938
938
938
938
915
915
915
915
915
910
910
910
910
910
910
915
915
915
915
915
911
911
911
911
911
905
905
905
905
905
905
924
924
924
924
924
928
928
928
928
928
924
924
924
924
924
924
941
941
941
941
941
968
968
968
968
968
942
942
942
942
942
942
953
953
953
953
953
959
959
959
959
959
977
977
977
977
977
977
968
968
968
968
968
998
998
998
998
998
1010
1010
1010
1010
1010
1010
1039
1039
1039
1039
1039
1066
1066
1066
1066
1066
1059
1059
1059
1059
1059
1059
1074
1074
1074
1074
1074
1085
1085
1085
1085
1085
1112
1112
1112
1112
1112
1112
1093
1093
1093
1093
1093
1137
1137
1137
1137
1137
1121
1121
1121
1121
1121
1121
1140
1140
1140
1140
1140
1145
1145
1145
1145
1145
1160
1160
1160
1160
1160
1160
1124
1124
1124
1124
1124
1138
1138
1138
1138
1138
1125
1125
1125
1125
1125
1125
1113
1113
1113
1113
1113
1085
1085
1085
1085
1085
1086
1086
1086
1086
1086
1086
1061
1061
1061
1061
1061
1094
1094
1094
1094
1094
1061
1061
1061
1061
1061
1061
1069
1069
1069
1069
1069
1056
1056
1056
1056
1056
1035
1035
1035
1035
1035
1035
1002
1002
1002
1002
1002
982
982
982
982
982
947
947
947
947
947
947
923
923
923
923
923
858
858
858
858
858
851
851
851
851
851
851
845
845
845
845
845
854
854
854
854
854
874
874
874
874
874
874
865
865
865
865
865
897
897
897
897
897
897
897
897
897
897
897
919
919
919
919
919
915
915
915
915
915
927
927
927
927
927
927
944
944
944
944
944
918
918
918
918
918
925
925
925
925
925
925
922
922
922
922
922
912
912
912
912
912
901
901
901
901
901
901
911
911
911
911
911
919
919
919
919
919
919
919
919
919
919
919
921
921
921
921
921
916
916
916
916
916
926
926
926
926
926
926
914
914
914
914
914
916
916
916
916
916
909
909
909
909
909
909
914
914
914
914
914
921
921
921
921
921
890
890
890
890
890
890
882
882
882
882
882
884
884
884
884
884
891
891
891
891
891
891
901
901
901
901
901
916
916
916
916
916
908
908
908
908
908
908
923
923
923
923
923
947
947
947
947
947
952
952
952
952
952
952
984
984
984
984
984
1003
1003
1003
1003
1003
1032
1032
1032
1032
1032
1032
1068
1068
1068
1068
1068
1083
1083
1083
1083
1083
1106
1106
1106
1106
1106
1106
1120
1120
1120
1120
1120
1137
1137
1137
1137
1137
1142
1142
1142
1142
1142
1142
1136
1136
1136
1136
1136
1152
1152
1152
1152
1152
1152
1152
1152
1152
1152
1152
1168
1168
1168
1168
1168
1175
1175
1175
1175
1175
1190
1190
1190
1190
1190
1190
1183
1183
1183
1183
1183
1188
1188
1188
1188
1188
1189
1189
1189
1189
1189
1189
1160
1160
1160
1160
1160
1160
1160
1160
1160
1160
1157
1157
1157
1157
1157
1157
1166
1166
1166
1166
1166
1139
1139
1139
1139
1139
1153
1153
1153
1153
1153
1153
1125
1125
1125
1125
1125
1123
1123
1123
1123
1123
1123
1123
1123
1123
1123
1123
1122
1122
1122
1122
1122
1127
1127
1127
1127
1127
1120
1120
1120
1120
1120
1120
1137
1137
1137
1137
1137
1109
1109
1109
1109
1109
1127
1127
1127
1127
1127
1127
1132
1132
1132
1132
1132
1117
1117
1117
1117
1117
1111
1111
1111
1111
1111
1111
1122
1122
1122
1122
1122
1133
1133
1133
1133
1133
1115
1115
1115
1115
1115
1115
1101
1101
1101
1101
1101
1078
1078
1078
1078
1078
1078
1078
1078
1078
1078
1078
1068
1068
1068
1068
1068
1077
1077
1077
1077
1077
1054
1054
1054
1054
1054
1054
1045
1045
1045
1045
1045
1057
1057
1057
1057
1057
1045
1045
1045
1045
1045
1045
1041
1041
1041
1041
1041
1017
1017
1017
1017
1017
1031
1031
1031
1031
1031
1031
999
999
999
999
999
997
997
997
997
997
979
979
979
979
979
979
976
976
976
976
976
978
978
978
978
978
948
948
948
948
948
948
944
944
944
944
944
925
925
925
925
925
925
925
925
925
925
925
970
970
970
970
970
963
963
963
963
963
985
985
985
985
985
985
1042
1042
1042
1042
1042
1047
1047
1047
1047
1047
1104
1104
1104
1104
1104
1104
1143
1143
1143
1143
1143
1159
1159
1159
1159
1159
1182
1182
1182
1182
1182
1182
1188
1188
1188
1188
1188
1224
1224
1224
1224
1224
1221
1221
1221
1221
1221
1221
1199
1199
1199
1199
1199
1179
1179
1179
1179
1179
1160
1160
1160
1160
1160
1160
1131
1131
1131
1131
1131
1125
1125
1125
1125
1125
1066
1066
1066
1066
1066
1066
1040
1040
1040
1040
1040
1021
1021
1021
1021
1021
970
970
970
970
970
970
952
952
952
952
952
900
900
900
900
900
864
864
864
864
864
864
822
822
822
822
822
783
783
783
783
783
735
735
735
735
735
735
704
704
704
704
704
648
648
648
648
648
583
583
583
583
583
583
564
564
564
564
564
525
525
525
525
525
521
521
521
521
521
521
521
521
521
521
521
520
520
520
520
520
549
549
549
549
549
549
582
582
582
582
582
601
601
601
601
601
640
640
640
640
640
640
688
688
688
688
688
719
719
719
719
719
776
776
776
776
776
776
813
813
813
813
813
865
865
865
865
865
905
905
905
905
905
905
942
942
942
942
942
959
959
959
959
959
975
975
975
975
975
975
961
961
961
961
961
963
963
963
963
963
933
933
933
933
933
933
918
918
918
918
918
884
884
884
884
884
848
848
848
848
848
848
833
833
833
833
833
772
772
772
772
772
734
734
734
734
734
734
658
658
658
658
658
622
622
622
622
622
587
587
587
587
587
587
553
553
553
553
553
557
557
557
557
557
556
556
556
556
556
556
560
560
560
560
560
597
597
597
597
597
644
644
644
644
644
644
685
685
685
685
685
741
741
741
741
741
789
789
789
789
789
789
822
822
822
822
822
876
876
876
876
876
927
927
927
927
927
927
976
976
976
976
976
1032
1032
1032
1032
1032
1079
1079
1079
1079
1079
1079
1110
1110
1110
1110
1110
1163
1163
1163
1163
1163
1191
1191
1191
1191
1191
1191
1211
1211
1211
1211
1211
1244
1244
1244
1244
1244
1273
1273
1273
1273
1273
1273
1289
1289
1289
1289
1289
1317
1317
1317
1317
1317
1300
1300
1300
1300
1300
1300
1324
1324
1324
1324
1324
1305
1305
1305
1305
1305
1259
1259
1259
1259
1259
1259
1253
1253
1253
1253
1253
1207
1207
1207
1207
1207
1153
1153
1153
1153
1153
1153
1091
1091
1091
1091
1091
1062
1062
1062
1062
1062
1021
1021
1021
1021
1021
1021
985
985
985
985
985
976
976
976
976
976
930
930
930
930
930
930
919
919
919
919
919
929
929
929
929
929
915
915
915
915
915
915
886
886
886
886
886
871
871
871
871
871
870
870