670
661
661
661
661
661
658
658
658
658
658
658
678
678
678
678
678
704
704
704
704
704
747
747
747
747
747
747
813
813
813
813
813
879
879
879
879
879
948
948
948
948
948
948
1011
1011
1011
1011
1011
1073
1073
1073
1073
1073
1124
1124
1124
1124
1124
1124
1179
1179
1179
1179
1179
1216
1216
1216
1216
1216
1253
1253
1253
1253
1253
1253
1260
1260
1260
1260
1260
1284
1284
1284
1284
1284
1300
1300
1300
1300
1300
1300
1306
1306
1306
1306
1306
1319
1319
1319
1319
1319
1334
1334
1334
1334
1334
1334
1342
1342
1342
1342
1342
1363
1363
1363
1363
1363
1368
1368
1368
1368
1368
1368
1376
1376
1376
1376
1376
1379
1379
1379
1379
1379
1390
1390
1390
1390
1390
1390
1399
1399
1399
1399
1399
1397
1397
1397
1397
1397
1376
1376
1376
1376
1376
1376
1352
1352
1352
1352
1352
1335
1335
1335
1335
1335
1318
1318
1318
1318
1318
1318
1283
1283
1283
1283
1283
1242
1242
1242
1242
1242
1206
1206
1206
1206
1206
1206
1161
1161
1161
1161
1161
1127
1127
1127
1127
1127
1068
1068
1068
1068
1068
1068
1024
1024
1024
1024
1024
978
978
978
978
978
931
931
931
931
931
931
879
879
879
879
879
842
842
842
842
842
823
823
823
823
823
823
788
788
788
788
788
772
772
772
772
772
730
730
730
730
730
730
687
687
687
687
687
626
626
626
626
626
543
543
543
543
543
543
477
477
477
477
477
410
410
410
410
410
362
362
362
362
362
362
329
329
329
329
329
319
319
319
319
319
329
329
329
329
329
329
349
349
349
349
349
356
356
356
356
356
365
365
365
365
365
365
347
347
347
347
347
321
321
321
321
321
289
289
289
289
289
289
254
254
254
254
254
219
219
219
219
219
211
211
211
211
211
211
237
237
237
237
237
272
272
272
272
272
368
368
368
368
368
368
492
492
492
492
492
673
673
673
673
673
885
885
885
885
885
885
1131
1131
1131
1131
1131
1336
1336
1336
1336
1336
1529
1529
1529
1529
1529
1529
1641
1641
1641
1641
1641
1698
1698
1698
1698
1698
1678
1678
1678
1678
1678
1678
1638
1638
1638
1638
1638
1576
1576
1576
1576
1576
1470
1470
1470
1470
1470
1470
1387
1387
1387
1387
1387
1325
1325
1325
1325
1325
1302
1302
1302
1302
1302
1302
1309
1309
1309
1309
1309
1374
1374
1374
1374
1374
1458
1458
1458
1458
1458
1458
1569
1569
1569
1569
1569
1675
1675
1675
1675
1675
1745
1745
1745
1745
1745
1745
1763
1763
1763
1763
1763
1698
1698
1698
1698
1698
1549
1549
1549
1549
1549
1549
1349
1349
1349
1349
1349
1101
1101
1101
1101
1101
860
860
860
860
860
860
652
652
652
652
652
488
488
488
488
488
390
390
390
390
390
390
346
346
346
346
346
331
331
331
331
331
353
353
353
353
353
353
388
388
388
388
388
459
459
459
459
459
515
515
515
515
515
515
564
564
564
564
564
574
574
574
574
574
559
559
559
559
559
559
492
492
492
492
492
423
423
423
423
423
340
340
340
340
340
340
278
278
278
278
278
240
240
240
240
240
228
228
228
228
228
228
226
226
226
226
226
261
261
261
261
261
274
274
274
274
274
274
306
306
306
306
306
337
337
337
337
337
370
370
370
370
370
370
405
405
405
405
405
451
451
451
451
451
493
493
493
493
493
493
534
534
534
534
534
557
557
557
557
557
556
556
556
556
556
556
522
522
522
522
522
502
502
502
502
502
498
498
498
498
498
498
571
571
571
571
571
707
707
707
707
707
886
886
886
886
886
886
1038
1038
1038
1038
1038
1105
1105
1105
1105
1105
1093
1093
1093
1093
1093
1093
929
929
929
929
929
732
732
732
732
732
509
509
509
509
509
509
346
346
346
346
346
283
283
283
283
283
323
323
323
323
323
323
483
483
483
483
483
822
822
822
822
822
1290
1290
1290
1290
1290
1290
1748
1748
1748
1748
1748
2104
2104
2104
2104
2104
2306
2306
2306
2306
2306
2306
2376
2376
2376
2376
2376
2307
2307
2307
2307
2307
2163
2163
2163
2163
2163
2163
1974
1974
1974
1974
1974
1799
1799
1799
1799
1799
1704
1704
1704
1704
1704
1704
1639
1639
1639
1639
1639
1627
1627
1627
1627
1627
1638
1638
1638
1638
1638
1638
1644
1644
1644
1644
1644
1623
1623
1623
1623
1623
1603
1603
1603
1603
1603
1603
1577
1577
1577
1577
1577
1556
1556
1556
1556
1556
1532
1532
1532
1532
1532
1532
1517
1517
1517
1517
1517
1514
1514
1514
1514
1514
1480
1480
1480
1480
1480
1480
1422
1422
1422
1422
1422
1322
1322
1322
1322
1322
1180
1180
1180
1180
1180
1180
1023
1023
1023
1023
1023
873
873
873
873
873
754
754
754
754
754
754
707
707
707
707
707
701
701
701
701
701
735
735
735
735
735
735
811
811
811
811
811
892
892
892
892
892
951
951
951
951
951
951
978
978
978
978
978
954
954
954
954
954
896
896
896
896
896
896
807
807
807
807
807
711
711
711
711
711
609
609
609
609
609
609
523
523
523
523
523
479
479
479
479
479
458
458
458
458
458
458
486
486
486
486
486
524
524
524
524
524
570
570
570
570
570
570
626
626
626
626
626
672
672
672
672
672
689
689
689
689
689
689
676
676
676
676
676
639
639
639
639
639
594
594
594
594
594
594
542
542
542
542
542
497
497
497
497
497
463
463
463
463
463
463
440
440
440
440
440
451
451
451
451
451
505
505
505
505
505
505
576
576
576
576
576
680
680
680
680
680
782
782
782
782
782
782
857
857
857
857
857
904
904
904
904
904
891
891
891
891
891
891
840
840
840
840
840
739
739
739
739
739
633
633
633
633
633
633
554
554
554
554
554
502
502
502
502
502
502
502
502
502
502
502
520
520
520
520
520
593
593
593
593
593
674
674
674
674
674
674
786
786
786
786
786
903
903
903
903
903
973
973
973
973
973
973
1020
1020
1020
1020
1020
1066
1066
1066
1066
1066
1031
1031
1031
1031
1031
1031
995
995
995
995
995
925
925
925
925
925
886
886
886
886
886
886
839
839
839
839
839
823
823
823
823
823
860
860
860
860
860
860
928
928
928
928
928
1033
1033
1033
1033
1033
1148
1148
1148
1148
1148
1148
1226
1226
1226
1226
1226
1301
1301
1301
1301
1301
1325
1325
1325
1325
1325
1325
1287
1287
1287
1287
1287
1226
1226
1226
1226
1226
1135
1135
1135
1135
1135
1135
1066
1066
1066
1066
1066
993
993
993
993
993
961
961
961
961
961
961
913
913
913
913
913
893
893
893
893
893
917
917
917
917
917
917
950
950
950
950
950
983
983
983
983
983
1016
1016
1016
1016
1016
1016
1053
1053
1053
1053
1053
1048
1048
1048
1048
1048
1050
1050
1050
1050
1050
1050
1032
1032
1032
1032
1032
968
968
968
968
968
928
928
928
928
928
928
865
865
865
865
865
817
817
817
817
817
779
779
779
779
779
779
799
799
799
799
799
817
817
817
817
817
891
891
891
891
891
891
976
976
976
976
976
1075
1075
1075
1075
1075
1132
1132
1132
1132
1132
1132
1168
1168
1168
1168
1168
1156
1156
1156
1156
1156
1096
1096
1096
1096
1096
1096
1026
1026
1026
1026
1026
933
933
933
933
933
854
854
854
854
854
854
804
804
804
804
804
787
787
787
787
787
803
803
803
803
803
803
863
863
863
863
863
893
893
893
893
893
960
960
960
960
960
960
1019
1019
1019
1019
1019
1057
1057
1057
1057
1057
1076
1076
1076
1076
1076
1076
1087
1087
1087
1087
1087
1043
1043
1043
1043
1043
996
996
996
996
996
996
933
933
933
933
933
854
854
854
854
854
793
793
793
793
793
793
774
774
774
774
774
774
774
774
774
774
797
797
797
797
797
797
851
851
851
851
851
924
924
924
924
924
994
994
994
994
994
994
1062
1062
1062
1062
1062
1083
1083
1083
1083
1083
1089
1089
1089
1089
1089
1089
1079
1079
1079
1079
1079
1034
1034
1034
1034
1034
1005
1005
1005
1005
1005
1005
961
961
961
961
961
956
956
956
956
956
948
948
948
948
948
948
965
965
965
965
965
979
979
979
979
979
994
994
994
994
994
994
1022
1022
1022
1022
1022
1044
1044
1044
1044
1044
1063
1063
1063
1063
1063
1063
1076
1076
1076
1076
1076
1070
1070
1070
1070
1070
1069
1069
1069
1069
1069
1069
1050
1050
1050
1050
1050
1026
1026
1026
1026
1026
1003
1003
1003
1003
1003
1003
963
963
963
963
963
922
922
922
922
922
908
908
908
908
908
908
898
898
898
898
898
924
924
924
924
924
959
959
959
959
959
959
989
989
989
989
989
1014
1014
1014
1014
1014
1019
1019
1019
1019
1019
1019
989
989
989
989
989
971
971
971
971
971
927
927
927
927
927
927
887
887
887
887
887
849
849
849
849
849
825
825
825
825
825
825
811
811
811
811
811
813
813
813
813
813
826
826
826
826
826
826
843
843
843
843
843
850
850
850
850
850
849
849
849
849
849
849
865
865
865
865
865
856
856
856
856
856
862
862
862
862
862
862
839
839
839
839
839
822
822
822
822
822
809
809
809
809
809
809
795
795
795
795
795
769
769
769
769
769
747
747
747
747
747
747
725
725
725
725
725
705
705
705
705
705
716
716
716
716
716
716
741
741
741
741
741
770
770
770
770
770
810
810
810
810
810
810
838
838
838
838
838
868
868
868
868
868
889
889
889
889
889
889
888
888
888
888
888
891
891
891
891
891
876
876
876
876
876
876
863
863
863
863
863
844
844
844
844
844
838
838
838
838
838
838
831
831
831
831
831
811
811
811
811
811
801
801
801
801
801
801
814
814
814
814
814
817
817
817
817
817
799
799
799
799
799
799
812
812
812
812
812
819
819
819
819
819
821
821
821
821
821
821
835
835
835
835
835
820
820
820
820
820
826
826
826
826
826
826
839
839
839
839
839
836
836
836
836
836
838
838
838
838
838
838
855
855
855
855
855
874
874
874
874
874
906
906
906
906
906
906
921
921
921
921
921
931
931
931
931
931
930
930
930
930
930
930
922
922
922
922
922
927
927
927
927
927
908
908
908
908
908
908
903
903
903
903
903
901
901
901
901
901
906
906
906
906
906
906
903
903
903
903
903
920
920
920
920
920
933
933
933
933
933
933
948
948
948
948
948
944
944
944
944
944
952
952
952
952
952
952
953
953
953
953
953
941
941
941
941
941
946
946
946
946
946
946
918
918
918
918
918
918
918
918
918
918
894
894
894
894
894
894
886
886
886
886
886
883
883
883
883
883
903
903
903
903
903
903
901
901
901
901
901
893
893
893
893
893
916
916
916
916
916
916
929
929
929
929
929
944
944
944
944
944
941
941
941
941
941
941
954
954
954
954
954
925
925
925
925
925
930
930
930
930
930
930
930
930
930
930
930
929
929
929
929
929
917
917
917
917
917
917
920
920
920
920
920
924
924
924
924
924
922
922
922
922
922
922
931
931
931
931
931
936
936
936
936
936
943
943
943
943
943
943
941
941
941
941
941
945
945
945
945
945
944
944
944
944
944
944
963
963
963
963
963
958
958
958
958
958
957
957
957
957
957
957
954
954
954
954
954
950
950
950
950
950
948
948
948
948
948
948
939
939
939
939
939
936
936
936
936
936
937
937
937
937
937
937
931
931
931
931
931
931
931
931
931
931
961
961
961
961
961
961
964
964
964
964
964
965
965
965
965
965
982
982
982
982
982
982
979
979
979
979
979
965
965
965
965
965
961
961
961
961
961
961
950
950
950
950
950
943
943
943
943
943
925
925
925
925
925
925
943
943
943
943
943
951
951
951
951
951
953
953
953
953
953
953
956
956
956
956
956
971
971
971
971
971
967
967
967
967
967
967
968
968
968
968
968
954
954
954
954
954
933
933
933
933
933
933
929
929
929
929
929
931
931
931
931
931
912
912
912
912
912
912
913
913
913
913
913
927
927
927
927
927
917
917
917
917
917
917
928
928
928
928
928
911
911
911
911
911
936
936
936
936
936
936
944
944
944
944
944
933
933
933
933
933
933
933
933
933
933
933
928
928
928
928
928
936
936
936
936
936
923
923
923
923
923
923
911
911
911
911
911
897
897
897
897
897
885
885
885
885
885
885
887
887
887
887
887
891
891
891
891
891
886
886
886
886
886
886
882
882
882
882
882
878
878
878
878
878
875
875
875
875
875
875
861
861
861
861
861
872
872
872
872
872
869
869
869
869
869
869
866
866
866
866
866
853
853
853
853
853
848
848
848
848
848
848
850
850
850
850
850
844
844
844
844
844
846
846
846
846
846
846
862
862
862
862
862
853
853
853
853
853
856
856
856
856
856
856
874
874
874
874
874
886
886
886
886
886
891
891
891
891
891
891
905
905
905
905
905
893
893
893
893
893
891
891
891
891
891
891
890
890
890
890
890
869
869
869
869
869
874
874
874
874
874
874
862
862
862
862
862
845
845
845
845
845
854
854
854
854
854
854
853
853
853
853
853
866
866
866
866
866
879
879
879
879
879
879
899
899
899
899
899
898
898
898
898
898
915
915
915
915
915
915
927
927
927
927
927
930
930
930
930
930
936
936
936
936
936
936
933
933
933
933
933
915
915
915
915
915
917
917
917
917
917
917
906
906
906
906
906
903
903
903
903
903
899
899
899
899
899
899
909
909
909
909
909
906
906
906
906
906
900
900
900
900
900
900
902
902
902
902
902
913
913
913
913
913
921
921
921
921
921
921
914
914
914
914
914
922
922
922
922
922
927
927
927
927
927
927
916
916
916
916
916
910
910
910
910
910
901
901
901
901
901
901
888
888
888
888
888
883
883
883
883
883
874
874
874
874
874
874
863
863
863
863
863
865
865
865
865
865
883
883
883
883
883
883
886
886
886
886
886
899
899
899
899
899
905
905
905
905
905
905
893
893
893
893
893
886
886
886
886
886
881
881
881
881
881
881
879
879
879
879
879
881
881
881
881
881
875
875
875
875
875
875
872
872
872
872
872
868
868
868
868
868
881
881
881
881
881
881
881
881
881
881
881
899
899
899
899
899
905
905
905
905
905
905
896
896
896
896
896
901
901
901
901
901
900
900
900
900
900
900
896
896
896
896
896
882
882
882
882
882
872
872
872
872
872
872
852
852
852
852
852
854
854
854
854
854
855
855
855
855
855
855
865
865
865
865
865
870
870
870
870
870
889
889
889
889
889
889
902
902
902
902
902
905
905
905
905
905
916
916
916
916
916
916
916
916
916
916
916
933
933
933
933
933
925
925
925
925
925
925
917
917
917
917
917
918
918
918
918
918
910
910
910
910
910
910
907
907
907
907
907
908
908
908
908
908
916
916
916
916
916
916
922
922
922
922
922
947
947
947
947
947
943
943
943
943
943
943
976
976
976
976
976
978
978
978
978
978
991
991
991
991
991
991
1004
1004
1004
1004
1004
981
981
981
981
981
991
991
991
991
991
991
977
977
977
977
977
972
972
972
972
972
973
973
973
973
973
973
956
956
956
956
956
946
946
946
946
946
955
955
955
955
955
955
956
956
956
956
956
973
973
973
973
973
962
962
962
962
962
962
969
969
969
969
969
968
968
968
968
968
964
964
964
964
964
964
961
961
961
961
961
964
964
964
964
964
944
944
944
944
944
944
932
932
932
932
932
928
928
928
928
928
916
916
916
916
916
916
925
925
925
925
925
920
920
920
920
920
917
917
917
917
917
917
924
924
924
924
924
929
929
929
929
929
928
928
928
928
928
928
931
931
931
931
931
932
932
932
932
932
936
936
936
936
936
936
931
931
931
931
931
914
914
914
914
914
921
921
921
921
921
921
909
909
909
909
909
884
884
884
884
884
883
883
883
883
883
883
872
872
872
872
872
855
855
855
855
855
867
867
867
867
867
867
857
857
857
857
857
874
874
874
874
874
868
868
868
868
868
868
888
888
888
888
888
882
882
882
882
882
881
881
881
881
881
881
888
888
888
888
888
873
873
873
873
873
874
874
874
874
874
874
862
862
862
862
862
859
859
859
859
859
842
842
842
842
842
842
849
849
849
849
849
863
863
863
863
863
850
850
850
850
850
850
853
853
853
853
853
849
849
849
849
849
856
856
856
856
856
856
864
864
864
864
864
862
862
862
862
862
853
853
853
853
853
853
844
844
844
844
844
842
842
842
842
842
833
833
833
833
833
833
835
835
835
835
835
827
827
827
827
827
826
826
826
826
826
826
836
836
836
836
836
837
837
837
837
837
856
856
856
856
856
856
847
847
847
847
847
849
849
849
849
849
853
853
853
853
853
853
839
839
839
839
839
834
834
834
834
834
827
827
827
827
827
827
815
815
815
815
815
819
819
819
819
819
823
823
823
823
823
823
815
815
815
815
815
803
803
803
803
803
811
811
811
811
811
811
822
822
822
822
822
830
830
830
830
830
825
825
825
825
825
825
842
842
842
842
842
810
810
810
810
810
799
799
799
799
799
799
801
801
801
801
801
804
804
804
804
804
797
797
797
797
797
797
797
797
797
797
797
791
791
791
791
791
796
796
796
796
796
796
795
795
795
795
795
795
795
795
795
795
803
803
803
803
803
803
793
793
793
793
793
813
813
813
813
813
811
811
811
811
811
811
807
807
807
807
807
807
807
807
807
807
820
820
820
820
820
820
808
808
808
808
808
820
820
820
820
820
808
808
808
808
808
808
838
838
838
838
838
835
835
835
835
835
871
871
871
871
871
871
874
874
874
874
874
887
887
887
887
887
904
904
904
904
904
904
907
907
907
907
907
902
902
902
902
902
898
898
898
898
898
898
907
907
907
907
907
905
905
905
905
905
884
884
884
884
884
884
907
907
907
907
907
913
913
913
913
913
941
941
941
941
941
941
956
956
956
956
956
969
969
969
969
969
966
966
966
966
966
966
966
966
966
966
966
965
965
965
965
965
962
962
962
962
962
962
958
958
958
958
958
948
948
948
948
948
952
952
952
952
952
952
929
929
929
929
929
915
915
915
915
915
928
928
928
928
928
928
933
933
933
933
933
954
954
954
954
954
956
956
956
956
956
956
981
981
981
981
981
981
981
981
981
981
998
998
998
998
998
998
1003
1003
1003
1003
1003
985
985
985
985
985
974
974
974
974
974
974
976
976
976
976
976
938
938
938
938
938
921
921
921
921
921
921
898
898
898
898
898
886
886
886
886
886
880
880
880
880
880
880
887
887
887
887
887
902
902
902
902
902
928
928
928
928
928
928
941
941
941
941
941
952
952
952
952
952
973
973
973
973
973
973
978
978
978
978
978
968
968
968
968
968
962
962
962
962
962
962
944
944
944
944
944
927
927
927
927
927
909
909
909
909
909
909
896
896
896
896
896
891
891
891
891
891
883
883
883
883
883
883
888
888
888
888
888
902
902
902
902
902
902
902
902
902
902
902
930
930
930
930
930
955
955
955
955
955
973
973
973
973
973
973
981
981
981
981
981
1006
1006
1006
1006
1006
989
989
989
989
989
989
985
985
985
985
985
972
972
972
972
972
963
963
963
963
963
963
961
961
961
961
961
962
962
962
962
962
941
941
941
941
941
941
946
946
946
946
946
952
952
952
952
952
948
948
948
948
948
948
983
983
983
983
983
975
975
975
975
975
979
979
979
979
979
979
990
990
990
990
990
995
995
995
995
995
1012
1012
1012
1012
1012
1012
1019
1019
1019
1019
1019
1001
1001
1001
1001
1001
1015
1015
1015
1015
1015
1015
1028
1028
1028
1028
1028
1031
1031
1031
1031
1031
1063
1063
1063
1063
1063
1063
1070
1070
1070
1070
1070
1083
1083
1083
1083
1083
1115
1115
1115
1115
1115
1115
1103
1103
1103
1103
1103
1122
1122
1122
1122
1122
1104
1104
1104
1104
1104
1104
1091
1091
1091
1091
1091
1054
1054
1054
1054
1054
1029
1029
1029
1029
1029
1029
979
979
979
979
979
964
964
964
964
964
958
958
958
958
958
958
948
948
948
948
948
963
963
963
963
963
973
973
973
973
973
973
986
986
986
986
986
984
984
984
984
984
981
981
981
981
981
981
957
957
957
957
957
930
930
930
930
930
900
900
900
900
900
900
867
867
867
867
867
845
845
845
845
845
803
803
803
803
803
803
805
805
805
805
805
788
788
788
788
788
792
792
792
792
792
792
790
790
790
790
790
810
810
810
810
810
809
809
809
809
809
809
817
817
817
817
817
809
809
809
809
809
815
815
815
815
815
815
811
811
811
811
811
803
803
803
803
803
808
808
808
808
808
808
790
790
790
790
790
797
797
797
797
797
804
804
804
804
804
804
791
791
791
791
791
794
794
794
794
794
772
772
772
772
772
772
796
796
796
796
796
802
802
802
802
802
813
813
813
813
813
813
815
815
815
815
815
831
831
831
831
831
842
842
842
842
842
842
853
853
853
853
853
870
870
870
870
870
879
879
879
879
879
879
900
900
900
900
900
919
919
919
919
919
918
918
918
918
918
918
963
963
963
963
963
965
965
965
965
965
1012
1012
1012
1012
1012
1012
1052
1052
1052
1052
1052
1062
1062
1062
1062
1062
1104
1104
1104
1104
1104
1104
1122
1122
1122
1122
1122
1161
1161
1161
1161
1161
1196
1196
1196
1196
1196
1196
1216
1216
1216
1216
1216
1229
1229
1229
1229
1229
1242
1242
1242
1242
1242
1242
1254
1254
1254
1254
1254
1272
1272
1272
1272
1272
1241
1241
1241
1241
1241
1241
1272
1272
1272
1272
1272
1252
1252
1252
1252
1252
1245
1245
1245
1245
1245
1245
1241
1241
1241
1241
1241
1241
1241
1241
1241
1241
1203
1203
1203
1203
1203
1203
1194
1194
1194
1194
1194
1179
1179
1179
1179
1179
1152
1152
1152
1152
1152
1152
1134
1134
1134
1134
1134
1117
1117
1117
1117
1117
1083
1083
1083
1083
1083
1083
1077
1077
1077
1077
1077
1054
1054
1054
1054
1054
1035
1035
1035
1035
1035
1035
1020
1020
1020
1020
1020
1010
1010
1010
1010
1010
998
998
998
998
998
998
996
996
996
996
996
979
979
979
979
979
945
945
945
945
945
945
921
921
921
921
921
891
891
891
891
891
880
880
880
880
880
880
857
857
857
857
857
829
829
829
829
829
825
825
825
825
825
825
822
822
822
822
822
831
831
831
831
831
859
859
859
859
859
859
872
872
872
872
872
880
880
880
880
880
874
874
874
874
874
874
869
869
869
869
869
859
859
859
859
859
843
843
843
843
843
843
809
809
809
809
809
789
789
789
789
789
752
752
752
752
752
752
740
740
740
740
740
733
733
733
733
733
740
740
740
740
740
740
749
749
749
749
749
795
795
795
795
795
823
823
823
823
823
823
881
881
881
881
881
934
934
934
934
934
981
981
981
981
981
981
1031
1031
1031
1031
1031
1066
1066
1066
1066
1066
1101
1101
1101
1101
1101
1101
1138
1138
1138
1138
1138
1149
1149
1149
1149
1149
1154
1154
1154
1154
1154
1154
1162
1162
1162
1162
1162
1175
1175
1175
1175
1175
1204
1204
1204
1204
1204
1204
1230
1230
1230
1230
1230
1267
1267
1267
1267
1267
1297
1297
1297
1297
1297
1297
1347
1347
1347
1347
1347
1375
1375
1375
1375
1375
1419
1419
1419
1419
1419
1419
1458
1458
1458
1458
1458
1472
1472
1472
1472
1472
1468
1468
1468
1468
1468
1468
1441
1441
1441
1441
1441
1410
1410
1410
1410
1410
1338
1338
1338
1338
1338
1338
1298
1298
1298
1298
1298
1229
1229
1229
1229
1229
1164
1164
1164
1164
1164
1164
1112
1112
1112
1112
1112
1062
1062
1062
1062
1062
1017
1017
1017
1017
1017
1017
968
968
968
968
968
924
924
924
924
924
867
867
867
867
867
867
806
806
806
806
806
743
743
743
743
743
691
691
691
691
691
691
636
636
636
636
636
590
590
590
590
590
559
559
559
559
559
559
522
522
522
522
522
500
500
500
500
500
489
489
489
489
489
489
477
477
477
477
477
462
462
462
462
462
446
446
446
446
446
446
436
436
436
436
436
434
434
434
434
434
420
420
420
420
420
420
417
417
417
417
417
414
414
414
414
414
413
413
413
413
413
413
414
414
414
414
414
411
411
411
411
411
428
428
428
428
428
428
448
448
448
448
448
495
495
495
495
495
536
536
536
536
536
536
579
579
579
579
579
642
642
642
642
642