414
414
414
414
414
414
414
414
414
413
413
413
413
413
413
407
407
407
407
407
402
402
402
402
402
404
404
404
404
404
404
416
416
416
416
416
424
424
424
424
424
409
409
409
409
409
409
408
408
408
408
408
412
412
412
412
412
407
407
407
407
407
407
419
419
419
419
419
409
409
409
409
409
412
412
412
412
412
412
417
417
417
417
417
414
414
414
414
414
409
409
409
409
409
409
415
415
415
415
415
416
416
416
416
416
402
402
402
402
402
402
411
411
411
411
411
410
410
410
410
410
408
408
408
408
408
408
400
400
400
400
400
414
414
414
414
414
422
422
422
422
422
422
411
411
411
411
411
408
408
408
408
408
418
418
418
418
418
418
408
408
408
408
408
417
417
417
417
417
401
401
401
401
401
401
410
410
410
410
410
410
410
410
410
410
410
410
410
410
410
410
404
404
404
404
404
411
411
411
411
411
416
416
416
416
416
416
410
410
410
410
410
426
426
426
426
426
434
434
434
434
434
434
402
402
402
402
402
406
406
406
406
406
419
419
419
419
419
419
411
411
411
411
411
417
417
417
417
417
406
406
406
406
406
406
392
392
392
392
392
407
407
407
407
407
409
409
409
409
409
409
413
413
413
413
413
408
408
408
408
408
405
405
405
405
405
405
407
407
407
407
407
421
421
421
421
421
408
408
408
408
408
408
414
414
414
414
414
428
428
428
428
428
411
411
411
411
411
411
407
407
407
407
407
418
418
418
418
418
414
414
414
414
414
414
409
409
409
409
409
416
416
416
416
416
409
409
409
409
409
409
410
410
410
410
410
405
405
405
405
405
428
428
428
428
428
428
415
415
415
415
415
403
403
403
403
403
408
408
408
408
408
408
419
419
419
419
419
402
402
402
402
402
400
400
400
400
400
400
410
410
410
410
410
400
400
400
400
400
393
393
393
393
393
393
413
413
413
413
413
425
425
425
425
425
408
408
408
408
408
408
414
414
414
414
414
406
406
406
406
406
416
416
416
416
416
416
413
413
413
413
413
415
415
415
415
415
425
425
425
425
425
425
426
426
426
426
426
421
421
421
421
421
420
420
420
420
420
420
415
415
415
415
415
412
412
412
412
412
394
394
394
394
394
394
427
427
427
427
427
414
414
414
414
414
407
407
407
407
407
407
421
421
421
421
421
410
410
410
410
410
424
424
424
424
424
424
402
402
402
402
402
411
411
411
411
411
391
391
391
391
391
391
411
411
411
411
411
403
403
403
403
403
401
401
401
401
401
401
406
406
406
406
406
400
400
400
400
400
400
400
400
400
400
400
418
418
418
418
418
420
420
420
420
420
406
406
406
406
406
406
412
412
412
412
412
425
425
425
425
425
413
413
413
413
413
413
412
412
412
412
412
408
408
408
408
408
427
427
427
427
427
427
418
418
418
418
418
410
410
410
410
410
412
412
412
412
412
412
413
413
413
413
413
406
406
406
406
406
409
409
409
409
409
409
422
422
422
422
422
415
415
415
415
415
411
411
411
411
411
411
406
406
406
406
406
409
409
409
409
409
405
405
405
405
405
405
413
413
413
413
413
415
415
415
415
415
418
418
418
418
418
418
421
421
421
421
421
405
405
405
405
405
417
417
417
417
417
417
403
403
403
403
403
416
416
416
416
416
411
411
411
411
411
411
421
421
421
421
421
409
409
409
409
409
415
415
415
415
415
415
414
414
414
414
414
401
401
401
401
401
414
414
414
414
414
414
418
418
418
418
418
413
413
413
413
413
409
409
409
409
409
409
410
410
410
410
410
409
409
409
409
409
406
406
406
406
406
406
421
421
421
421
421
431
431
431
431
431
416
416
416
416
416
416
419
419
419
419
419
409
409
409
409
409
407
407
407
407
407
407
411
411
411
411
411
418
418
418
418
418
422
422
422
422
422
422
419
419
419
419
419
419
419
419
419
419
412
412
412
412
412
412
409
409
409
409
409
406
406
406
406
406
403
403
403
403
403
403
419
419
419
419
419
401
401
401
401
401
412
412
412
412
412
412
403
403
403
403
403
417
417
417
417
417
430
430
430
430
430
430
418
418
418
418
418
408
408
408
408
408
407
407
407
407
407
407
404
404
404
404
404
406
406
406
406
406
395
395
395
395
395
395
410
410
410
410
410
380
380
380
380
380
398
398
398
398
398
398
409
409
409
409
409
417
417
417
417
417
410
410
410
410
410
410
402
402
402
402
402
411
411
411
411
411
417
417
417
417
417
417
405
405
405
405
405
421
421
421
421
421
418
418
418
418
418
418
421
421
421
421
421
411
411
411
411
411
424
424
424
424
424
424
410
410
410
410
410
424
424
424
424
424
414
414
414
414
414
414
418
418
418
418
418
399
399
399
399
399
420
420
420
420
420
420
418
418
418
418
418
409
409
409
409
409
398
398
398
398
398
398
410
410
410
410
410
420
420
420
420
420
421
421
421
421
421
421
410
410
410
410
410
412
412
412
412
412
419
419
419
419
419
419
428
428
428
428
428
413
413
413
413
413
414
414
414
414
414
414
420
420
420
420
420
423
423
423
423
423
419
419
419
419
419
419
421
421
421
421
421
412
412
412
412
412
408
408
408
408
408
408
419
419
419
419
419
407
407
407
407
407
418
418
418
418
418
418
423
423
423
423
423
419
419
419
419
419
408
408
408
408
408
408
439
439
439
439
439
414
414
414
414
414
426
426
426
426
426
426
420
420
420
420
420
426
426
426
426
426
438
438
438
438
438
438
446
446
446
446
446
423
423
423
423
423
448
448
448
448
448
448
426
426
426
426
426
416
416
416
416
416
415
415
415
415
415
415
427
427
427
427
427
409
409
409
409
409
392
392
392
392
392
392
400
400
400
400
400
394
394
394
394
394
386
386
386
386
386
386
416
416
416
416
416
394
394
394
394
394
394
394
394
394
394
394
418
418
418
418
418
406
406
406
406
406
395
395
395
395
395
395
416
416
416
416
416
416
416
416
416
416
409
409
409
409
409
409
421
421
421
421
421
422
422
422
422
422
430
430
430
430
430
430
395
395
395
395
395
420
420
420
420
420
395
395
395
395
395
395
395
395
395
395
395
383
383
383
383
383
394
394
394
394
394
394
388
388
388
388
388
391
391
391
391
391
387
387
387
387
387
387
383
383
383
383
383
392
392
392
392
392
401
401
401
401
401
401
398
398
398
398
398
412
412
412
412
412
406
406
406
406
406
406
433
433
433
433
433
438
438
438
438
438
441
441
441
441
441
441
437
437
437
437
437
430
430
430
430
430
417
417
417
417
417
417
425
425
425
425
425
414
414
414
414
414
417
417
417
417
417
417
423
423
423
423
423
412
412
412
412
412
427
427
427
427
427
427
427
427
427
427
427
411
411
411
411
411
436
436
436
436
436
436
439
439
439
439
439
435
435
435
435
435
452
452
452
452
452
452
442
442
442
442
442
441
441
441
441
441
467
467
467
467
467
467
459
459
459
459
459
433
433
433
433
433
435
435
435
435
435
435
435
435
435
435
435
421
421
421
421
421
419
419
419
419
419
419
407
407
407
407
407
439
439
439
439
439
390
390
390
390
390
390
412
412
412
412
412
410
410
410
410
410
419
419
419
419
419
419
419
419
419
419
419
418
418
418
418
418
418
418
418
418
418
418
402
402
402
402
402
408
408
408
408
408
398
398
398
398
398
398
382
382
382
382
382
398
398
398
398
398
411
411
411
411
411
411
393
393
393
393
393
385
385
385
385
385
373
373
373
373
373
373
393
393
393
393
393
370
370
370
370
370
354
354
354
354
354
354
362
362
362
362
362
376
376
376
376
376
367
367
367
367
367
367
363
363
363
363
363
382
382
382
382
382
374
374
374
374
374
374
385
385
385
385
385
411
411
411
411
411
401
401
401
401
401
401
422
422
422
422
422
470
470
470
470
470
444
444
444
444
444
444
483
483
483
483
483
456
456
456
456
456
487
487
487
487
487
487
506
506
506
506
506
509
509
509
509
509
479
479
479
479
479
479
513
513
513
513
513
519
519
519
519
519
497
497
497
497
497
497
509
509
509
509
509
508
508
508
508
508
516
516
516
516
516
516
533
533
533
533
533
509
509
509
509
509
495
495
495
495
495
495
518
518
518
518
518
509
509
509
509
509
548
548
548
548
548
548
526
526
526
526
526
512
512
512
512
512
525
525
525
525
525
525
494
494
494
494
494
487
487
487
487
487
469
469
469
469
469
469
450
450
450
450
450
442
442
442
442
442
411
411
411
411
411
411
405
405
405
405
405
416
416
416
416
416
402
402
402
402
402
402
414
414
414
414
414
392
392
392
392
392
378
378
378
378
378
378
383
383
383
383
383
371
371
371
371
371
354
354
354
354
354
354
372
372
372
372
372
346
346
346
346
346
349
349
349
349
349
349
352
352
352
352
352
331
331
331
331
331
329
329
329
329
329
329
337
337
337
337
337
331
331
331
331
331
324
324
324
324
324
324
332
332
332
332
332
323
323
323
323
323
343
343
343
343
343
343
333
333
333
333
333
341
341
341
341
341
326
326
326
326
326
326
327
327
327
327
327
326
326
326
326
326
333
333
333
333
333
333
332
332
332
332
332
332
332
332
332
332
336
336
336
336
336
336
341
341
341
341
341
377
377
377
377
377
403
403
403
403
403
403
476
476
476
476
476
557
557
557
557
557
759
759
759
759
759
759
904
904
904
904
904
925
925
925
925
925
923
923
923
923
923
923
786
786
786
786
786
687
687
687
687
687
563
563
563
563
563
563
524
524
524
524
524
475
475
475
475
475
465
465
465
465
465
465
485
485
485
485
485
520
520
520
520
520
590
590
590
590
590
590
714
714
714
714
714
804
804
804
804
804
933
933
933
933
933
933
962
962
962
962
962
899
899
899
899
899
720
720
720
720
720
720
573
573
573
573
573
444
444
444
444
444
413
413
413
413
413
413
372
372
372
372
372
363
363
363
363
363
344
344
344
344
344
344
333
333
333
333
333
342
342
342
342
342
337
337
337
337
337
337
348
348
348
348
348
355
355
355
355
355
349
349
349
349
349
349
358
358
358
358
358
340
340
340
340
340
352
352
352
352
352
352
353
353
353
353
353
347
347
347
347
347
343
343
343
343
343
343
344
344
344
344
344
328
328
328
328
328
331
331
331
331
331
331
319
319
319
319
319
324
324
324
324
324
327
327
327
327
327
327
330
330
330
330
330
333
333
333
333
333
337
337
337
337
337
337
334
334
334
334
334
344
344
344
344
344
341
341
341
341
341
341
344
344
344
344
344
352
352
352
352
352
347
347
347
347
347
347
353
353
353
353
353
351
351
351
351
351
359
359
359
359
359
359
374
374
374
374
374
378
378
378
378
378
397
397
397
397
397
397
433
433
433
433
433
440
440
440
440
440
418
418
418
418
418
418
412
412
412
412
412
374
374
374
374
374
350
350
350
350
350
350
339
339
339
339
339
342
342
342
342
342
356
356
356
356
356
356
374
374
374
374
374
440
440
440
440
440
689
689
689
689
689
689
1101
1101
1101
1101
1101
1520
1520
1520
1520
1520
1748
1748
1748
1748
1748
1748
1863
1863
1863
1863
1863
1838
1838
1838
1838
1838
1606
1606
1606
1606
1606
1606
1394
1394
1394
1394
1394
1182
1182
1182
1182
1182
991
991
991
991
991
991
906
906
906
906
906
833
833
833
833
833
810
810
810
810
810
810
783
783
783
783
783
748
748
748
748
748
741
741
741
741
741
741
745
745
745
745
745
669
669
669
669
669
606
606
606
606
606
606
565
565
565
565
565
561
561
561
561
561
528
528
528
528
528
528
502
502
502
502
502
512
512
512
512
512
501
501
501
501
501
501
468
468
468
468
468
453
453
453
453
453
433
433
433
433
433
433
402
402
402
402
402
389
389
389
389
389
383
383
383
383
383
383
371
371
371
371
371
358
358
358
358
358
384
384
384
384
384
384
380
380
380
380
380
373
373
373
373
373
389
389
389
389
389
389
370
370
370
370
370
377
377
377
377
377
373
373
373
373
373
373
363
363
363
363
363
358
358
358
358
358
354
354
354
354
354
354
351
351
351
351
351
351
351
351
351
351
358
358
358
358
358
358
363
363
363
363
363
361
361
361
361
361
349
349
349
349
349
349
371
371
371
371
371
382
382
382
382
382
391
391
391
391
391
391
422
422
422
422
422
408
408
408
408
408
417
417
417
417
417
417
413
413
413
413
413
429
429
429
429
429
411
411
411
411
411
411
436
436
436
436
436
432
432
432
432
432
435
435
435
435
435
435
434
434
434
434
434
437
437
437
437
437
464
464
464
464
464
464
438
438
438
438
438
433
433
433
433
433
427
427
427
427
427
427
406
406
406
406
406
404
404
404
404
404
392
392
392
392
392
392
391
391
391
391
391
393
393
393
393
393
404
404
404
404
404
404
418
418
418
418
418
409
409
409
409
409
426
426
426
426
426
426
441
441
441
441
441
449
449
449
449
449
415
415
415
415
415
415
428
428
428
428
428
416
416
416
416
416
420
420
420
420
420
420
427
427
427
427
427
411
411
411
411
411
400
400
400
400
400
400
416
416
416
416
416
412
412
412
412
412
425
425
425
425
425
425
423
423
423
423
423
431
431
431
431
431
442
442
442
442
442
442
427
427
427
427
427
452
452
452
452
452
463
463
463
463
463
463
427
427
427
427
427
436
436
436
436
436
412
412
412
412
412
412
388
388
388
388
388
365
365
365
365
365
376
376
376
376
376
376
372
372
372
372
372
362
362
362
362
362
357
357
357
357
357
357
370
370
370
370
370
400
400
400
400
400
387
387
387
387
387
387
398
398
398
398
398
420
420
420
420
420
428
428
428
428
428
428
462
462
462
462
462
489
489
489
489
489
515
515
515
515
515
515
549
549
549
549
549
541
541
541
541
541
565
565
565
565
565
565
563
563
563
563
563
592
592
592
592
592
602
602
602
602
602
602
615
615
615
615
615
662
662
662
662
662
707
707
707
707
707
707
760
760
760
760
760
794
794
794
794
794
823
823
823
823
823
823
829
829
829
829
829
859
859
859
859
859
843
843
843
843
843
843
811
811
811
811
811
788
788
788
788
788
752
752
752
752
752
752
673
673
673
673
673
643
643
643
643
643
555
555
555
555
555
555
509
509
509
509
509
467
467
467
467
467
434
434
434
434
434
434
415
415
415
415
415
400
400
400
400
400
376
376
376
376
376
376
377
377
377
377
377
371
371
371
371
371
367
367
367
367
367
367
371
371
371
371
371
363
363
363
363
363
351
351
351
351
351
351
361
361
361
361
361
350
350
350
350
350
356
356
356
356
356
356
352
352
352
352
352
346
346
346
346
346
347
347
347
347
347
347
348
348
348
348
348
341
341
341
341
341
338
338
338
338
338
338
344
344
344
344
344
335
335
335
335
335
344
344
344
344
344
344
332
332
332
332
332
338
338
338
338
338
340
340
340
340
340
340
345
345
345
345
345
367
367
367
367
367
367
367
367
367
367
367
365
365
365
365
365
365
365
365
365
365
372
372
372
372
372
372
377
377
377
377
377
393
393
393
393
393
371
371
371
371
371
371
366
366
366
366
366
372
372
372
372
372
378
378
378
378
378
378
365
365
365
365
365
365
365
365
365
365
375
375
375
375
375
375
364
364
364
364
364
368
368
368
368
368
362
362
362
362
362
362
389
389
389
389
389
406
406
406
406
406
400
400
400
400
400
400
408
408
408
408
408
434
434
434
434
434
440
440
440
440
440
440
453
453
453
453
453
463
463
463
463
463
515
515
515
515
515
515
502
502
502
502
502
519
519
519
519
519
511
511
511
511
511
511
514
514
514
514
514
529
529
529
529
529
533
533
533
533
533
533
518
518
518
518
518
507
507
507
507
507
525
525
525
525
525
525
571
571
571
571
571
565
565
565
565
565
529
529
529
529
529
529
528
528
528
528
528
526
526
526
526
526
495
495
495
495
495
495
478
478
478
478
478
479
479
479
479
479
493
493
493
493
493
493
480
480
480
480
480
491
491
491
491
491
485
485
485
485
485
485
473
473
473
473
473
445
445
445
445
445
438
438
438
438
438
438
405
405
405
405
405
400
400
400
400
400
385
385
385
385
385
385
395
395
395
395
395
402
402
402
402
402
394
394
394
394
394
394
412
412
412
412
412
402
402
402
402
402
383
383
383
383
383
383
396
396
396
396
396
389
389
389
389
389
376
376
376
376
376
376
369
369
369
369
369
372
372
372
372
372
366
366
366
366
366
366
374
374
374
374
374
391
391
391
391
391
384
384
384
384
384
384
391
391
391
391
391
384
384
384
384
384
386
386
386
386
386
386
388
388
388
388
388
396
396
396
396
396
393
393
393
393
393
393
384
384
384
384
384
398
398
398
398
398
388
388
388
388
388
388
399
399
399
399
399
409
409
409
409
409
401
401
401
401
401
401
403
403
403
403
403
406
406
406
406
406
396
396
396
396
396
396
391
391
391
391
391
406
406
406
406
406
409
409
409
409
409
409
407
407
407
407
407
398
398
398
398
398
393
393
393
393
393
393
391
391
391
391
391
399
399
399
399
399
394
394
394
394
394
394
401
401
401
401
401
401
401
401
401
401
399
399
399
399
399
399
391
391
391
391
391
391
391
391
391
391
416
416
416
416
416
416
416
416
416
416
416
401
401
401
401
401
416
416
416
416
416
416
421
421
421
421
421
434
434
434
434
434
415
415
415
415
415
415
422
422
422
422
422
444
444
444
444
444
432
432
432
432
432
432
456
456
456
456
456
428
428
428
428
428
434
434
434
434
434
434
439
439
439
439
439
431
431
431
431
431
443
443
443
443
443
443
474
474
474
474
474
458
458
458
458
458
432
432
432
432
432
432
454
454
454
454
454
449
449
449
449
449
449
449
449
449
449
449
452
452
452
452
452
439
439
439
439
439
440
440
440
440
440
440
447
447
447
447
447
434
434
434
434
434
436
436
436
436
436
436
446
446
446
446
446
408
408
408
408
408
432
432
432
432
432
432
409
409
409
409
409
407
407
407
407
407
422
422
422
422
422
422
421
421
421
421
421
422
422
422
422
422
420
420
420
420
420
420
443
443
443
443
443
426
426
426
426
426
417
417
417
417
417
417
412
412
412
412
412
399
399
399
399
399
388
388
388
388
388
388
407
407
407
407
407
382
382
382
382
382
407
407
407
407
407
407
391
391
391
391
391
392
392
392
392
392
398
398
398
398
398
398
394
394
394
394
394
422
422
422
422
422
403
403
403
403
403
403
394
394
394
394
394
400
400
400
400
400
391
391
391
391
391
391
389
389
389
389
389
393
393
393
393
393
381
381
381
381
381
381
380
380
380
380
380
395
395
395
395
395
382
382
382
382
382
382
374
374
374
374
374
393
393
393
393
393
395
395
395
395
395
395
411
411
411
411
411
378
378
378
378
378
395
395
395
395
395
395
393
393
393
393
393
411
411
411
411
411
382
382
382
382
382
382
382
382
382
382
382
386
386
386
386
386
386
386
386
386
386
386
385
385
385
385
385
385
385
385
385
385
397
397
397
397
397
397
399
399
399
399
399
404
404
404
404
404
409
409
409
409
409
409
398
398
398
398
398
410
410
410
410
410
412
412
412
412
412
412
410
410
410
410
410
432
432
432
432
432
420
420
420
420
420
420
422
422
422
422
422
454
454
454
454
454
418
418
418
418
418
418
427
427
427
427
427
421
421
421
421
421
425
425
425
425
425
425
412
412
412
412
412
408
408
408
408
408
423
423
423
423
423
423
416
416
416
416
416
422
422
422
422
422
442
442
442
442
442
442
457
457
457
457
457
442
442
442
442
442
453
453
453
453
453
453
426
426
426
426
426
445
445
445
445
445
435
435
435
435
435
435
422
422
422
422
422
422
422
422
422
422
436
436
436
436
436
436
431
431
431
431
431
425
425
425
425
425
428
428
428
428
428
428
452
452
452
452
452
445
445
445
445
445
410
410
410
410
410
410
429
429
429
429
429
427
427
427
427
427
416
416
416
416
416
416
389
389
389
389
389
421
421
421
421
421
406
406
406
406
406
406
403
403
403
403
403
403
403
403
403
403
390
390
390
390
390
390
431
431
431
431
431
427
427
427
427
427
443
443
443
443
443
443
435
435
435
435
435
431
431
431
431
431
417
417
417
417
417
417
410
410
410
410
410
408
408
408
408
408
392
392
392
392
392
392
401
401
401
401
401
378
378
378
378
378
407
407
407
407
407
407
397
397
397
397
397
396
396
396
396
396
411
411
411
411
411
411
416
416
416
416
416
396
396
396
396
396
406
406
406
406
406
406
394
394
394
394
394
411
411
411
411
411
410
410
410
410
410
410
397
397
397
397
397
399
399
399
399
399
413
413
413
413
413
413
397
397
397
397
397
409
409
409
409
409
387
387
387
387
387
387
397
397
397
397
397
395
395
395
395
395
375
375
375
375
375
375
392
392
392
392
392
397
397
397
397
397
403
403
403
403
403
403
393
393
393
393
393
408
408
408
408
408
407
407
407
407
407
407
402
402
402
402
402
421
421
421
421
421
411
411
411
411
411
411
433
433
433
433
433
426
426
426
426
426
415
415
415
415
415
415
413
413
413
413
413
412
412
412
412
412
425
425
425
425
425
425
409
409
409
409
409
407
407
407
407
407
434
434
434
434
434
434
448
448
448
448
448
421
421
421
421
421
415
415
415
415
415
415
406
406
406
406
406
414
414
414
414
414
399
399
399
399
399
399
405
405
405
405
405
412
412
412
412
412
411
411
411
411
411
411
408
408
408
408
408
416
416
416
416
416
403
403
403
403
403
403
422
422
422
422
422
420
420
420
420
420
417
417
417
417
417
417
414
414
414
414
414
399
399
399
399
399
398
398
398
398
398
398
416
416
416
416
416
397
397
397
397
397
397
397
397
397
397
397
410
410
410
410
410
404
404
404
404
404
400
400
400
400
400
400
403
403
403
403
403
407
407
407
407
407
422
422
422
422
422
422
425
425
425
425
425
410
410
410
410
410
416
416
416
416
416
416
427
427
427
427
427
423
423
423
423
423
418
418
418
418
418
418
412
412
412
412
412
410
410
410
410
410
408
408
408
408
408
408
415
415
415
415
415
413
413
413
413
413
422
422
422
422
422
422
406
406
406
406
406
414
414
414
414
414
405
405
405
405
405
405
411
411
411
411
411
415
415
415
415
415
408
408
408
408
408
408
399
399
399
399
399
424
424
424
424
424
398
398
398
398
398
398
401
401
401
401
401
431
431
431
431
431
411
411
411
411
411
411
393
393
393
393
393
401
401
401